Case #1: 1 5 
Case #2: 1 
Case #3: 1 2 
Case #4: 1 4 7 
Case #5: 1 19770609665 39541219329 59311828993 79082438657 98853048321 118623657985 138394267649 158164877313 177935486977 197706096641 217476706305 237247315969 257017925633 276788535297 296559144961 316329754625 336100364289 355870973953 375641583617 395412193281 415182802945 434953412609 454724022273 474494631937 494265241601 514035851265 533806460929 553577070593 573347680257 593118289921 612888899585 632659509249 652430118913 672200728577 691971338241 711741947905 731512557569 751283167233 771053776897 790824386561 810594996225 830365605889 850136215553 869906825217 889677434881 909448044545 929218654209 948989263873 968759873537 988530483201 1008301092865 
Case #6: 1 49787136 99574271 149361406 199148541 248935676 298722811 348509946 398297081 448084216 497871351 547658486 597445621 647232756 697019891 746807026 796594161 846381296 896168431 945955566 995742701 1045529836 1095316971 1145104106 1194891241 1244678376 1294465511 1344252646 1394039781 1443826916 1493614051 1543401186 1593188321 1642975456 1692762591 1742549726 1792336861 1842123996 1891911131 1941698266 1991485401 2041272536 2091059671 2140846806 2190633941 2240421076 2290208211 2339995346 2389782481 2439569616 2489356751 2539143886 2588931021 2638718156 2688505291 2738292426 2788079561 2837866696 2887653831 2937440966 2987228101 3037015236 3086802371 3136589506 3186376641 3236163776 3285950911 3335738046 3385525181 3435312316 3485099451 3534886586 3584673721 3634460856 3684247991 3734035126 3783822261 3833609396 3883396531 3933183666 3982970801 4032757936 4082545071 4132332206 
Case #7: 1 2 3 
Case #8: 1 72057594037927937 144115188075855873 216172782113783809 
Case #9: 1 12117361 24234721 36352081 48469441 60586801 72704161 84821521 96938881 109056241 121173601 133290961 145408321 157525681 169643041 181760401 193877761 205995121 218112481 230229841 242347201 254464561 266581921 278699281 290816641 302934001 315051361 327168721 339286081 351403441 363520801 375638161 387755521 399872881 411990241 424107601 436224961 448342321 460459681 472577041 484694401 496811761 508929121 521046481 533163841 545281201 557398561 569515921 581633281 593750641 605868001 617985361 630102721 642220081 654337441 666454801 678572161 690689521 702806881 
Case #10: 1 4100625 8201249 12301873 16402497 20503121 24603745 28704369 32804993 36905617 41006241 45106865 49207489 53308113 57408737 61509361 65609985 69710609 73811233 77911857 82012481 86113105 90213729 94314353 98414977 102515601 106616225 110716849 114817473 118918097 123018721 127119345 131219969 135320593 139421217 143521841 147622465 151723089 155823713 159924337 164024961 168125585 172226209 176326833 180427457 
Case #11: 1 61 121 181 241 301 361 421 481 541 601 661 721 781 841 901 961 1021 1081 1141 1201 1261 1321 1381 1441 1501 1561 1621 1681 1741 1801 1861 1921 1981 2041 2101 2161 2221 2281 2341 2401 2461 2521 2581 2641 2701 2761 2821 2881 2941 3001 3061 3121 3181 3241 3301 3361 3421 3481 3541 3601 
Case #12: 1 
Case #13: 1 847288609443 1694577218885 
Case #14: 1 9 
Case #15: 1 5 9 13 
Case #16: 1 5132188731375616 10264377462751231 15396566194126846 20528754925502461 25660943656878076 30793132388253691 35925321119629306 41057509851004921 46189698582380536 51321887313756151 56454076045131766 61586264776507381 66718453507882996 71850642239258611 76982830970634226 82115019702009841 87247208433385456 92379397164761071 97511585896136686 102643774627512301 107775963358887916 112908152090263531 118040340821639146 123172529553014761 128304718284390376 133436907015765991 138569095747141606 143701284478517221 148833473209892836 153965661941268451 159097850672644066 164230039404019681 169362228135395296 174494416866770911 179626605598146526 184758794329522141 189890983060897756 195023171792273371 200155360523648986 205287549255024601 210419737986400216 215551926717775831 220684115449151446 225816304180527061 230948492911902676 236080681643278291 241212870374653906 246345059106029521 251477247837405136 256609436568780751 261741625300156366 266873814031531981 272006002762907596 277138191494283211 282270380225658826 287402568957034441 292534757688410056 297666946419785671 302799135151161286 307931323882536901 313063512613912516 318195701345288131 323327890076663746 328460078808039361 333592267539414976 338724456270790591 343856645002166206 348988833733541821 354121022464917436 359253211196293051 364385399927668666 369517588659044281 374649777390419896 379781966121795511 384914154853171126 390046343584546741 395178532315922356 400310721047297971 405442909778673586 410575098510049201 415707287241424816 420839475972800431 425971664704176046 431103853435551661 436236042166927276 441368230898302891 446500419629678506 451632608361054121 456764797092429736 461896985823805351 467029174555180966 
Case #17: 1 390625 781249 1171873 1562497 
Case #18: 1 65 129 193 257 321 385 449 513 577 641 705 769 833 897 961 1025 1089 1153 1217 1281 1345 1409 1473 1537 1601 1665 1729 1793 1857 1921 1985 2049 2113 2177 2241 2305 2369 2433 2497 2561 2625 2689 2753 2817 2881 2945 3009 3073 3137 3201 3265 3329 3393 3457 3521 3585 3649 3713 3777 3841 3905 3969 4033 4097 
Case #19: 1 7529537 15059073 22588609 30118145 37647681 45177217 52706753 60236289 67765825 75295361 82824897 90354433 97883969 
Case #20: 1 601692057 1203384113 1805076169 2406768225 3008460281 3610152337 4211844393 4813536449 5415228505 6016920561 6618612617 7220304673 7821996729 8423688785 9025380841 9627072897 10228764953 10830457009 11432149065 12033841121 12635533177 13237225233 13838917289 14440609345 15042301401 15643993457 16245685513 16847377569 17449069625 18050761681 18652453737 19254145793 19855837849 20457529905 21059221961 21660914017 22262606073 22864298129 23465990185 24067682241 24669374297 25271066353 25872758409 26474450465 27076142521 27677834577 28279526633 28881218689 29482910745 30084602801 30686294857 31287986913 31889678969 32491371025 33093063081 33694755137 
Case #21: 1 
Case #22: 1 100000000000000000 199999999999999999 299999999999999998 399999999999999997 499999999999999996 599999999999999995 699999999999999994 799999999999999993 899999999999999992 
Case #23: 1 52521876 105043751 157565626 210087501 262609376 315131251 367653126 420175001 472696876 525218751 577740626 630262501 682784376 735306251 787828126 840350001 892871876 945393751 997915626 1050437501 1102959376 1155481251 1208003126 1260525001 1313046876 1365568751 1418090626 1470612501 1523134376 1575656251 1628178126 1680700001 1733221876 1785743751 
Case #24: 1 2 3 4 5 6 7 8 9 10 11 12 13 14 15 16 17 18 19 20 21 22 23 24 25 26 27 28 29 30 31 32 33 34 35 36 37 38 39 40 41 42 43 44 45 46 47 48 49 50 51 52 53 54 55 56 57 58 59 60 61 62 63 64 65 66 67 68 69 70 71 72 
Case #25: 1 2 3 4 5 6 7 8 9 10 11 12 13 14 15 16 17 18 19 20 21 22 23 24 25 26 27 28 29 30 31 32 33 34 35 36 37 38 39 40 41 42 43 44 45 46 47 48 49 50 51 52 53 54 55 56 57 58 59 60 61 62 63 64 65 66 67 68 69 70 71 72 73 74 75 76 77 78 79 80 81 82 83 84 85 86 87 88 89 90 91 92 93 94 95 96 97 98 99 100 
Case #26: 1 6859 13717 20575 27433 34291 41149 48007 54865 61723 68581 75439 82297 89155 96013 102871 109729 116587 123445 
Case #27: 1 344 687 1030 1373 1716 2059 
Case #28: 1 15407021574586368 30814043149172735 46221064723759102 61628086298345469 77035107872931836 92442129447518203 107849151022104570 123256172596690937 138663194171277304 154070215745863671 169477237320450038 
Case #29: 1 14645194571777 29290389143553 43935583715329 58580778287105 73225972858881 87871167430657 102516362002433 117161556574209 131806751145985 146451945717761 161097140289537 175742334861313 190387529433089 205032724004865 219677918576641 234323113148417 248968307720193 263613502291969 278258696863745 292903891435521 307549086007297 322194280579073 336839475150849 351484669722625 366129864294401 380775058866177 395420253437953 410065448009729 424710642581505 439355837153281 454001031725057 468646226296833 483291420868609 497936615440385 512581810012161 527227004583937 541872199155713 556517393727489 571162588299265 585807782871041 600452977442817 615098172014593 629743366586369 644388561158145 659033755729921 673678950301697 688324144873473 702969339445249 717614534017025 732259728588801 746904923160577 761550117732353 776195312304129 790840506875905 805485701447681 820130896019457 834776090591233 849421285163009 864066479734785 878711674306561 893356868878337 908002063450113 922647258021889 937292452593665 951937647165441 966582841737217 981228036308993 995873230880769 1010518425452545 1025163620024321 1039808814596097 1054454009167873 1069099203739649 1083744398311425 1098389592883201 
Case #30: 1 1001129150390625 2002258300781249 3003387451171873 4004516601562497 5005645751953121 6006774902343745 7007904052734369 8009033203124993 9010162353515617 10011291503906241 11012420654296865 12013549804687489 13014678955078113 14015808105468737 15016937255859361 16018066406249985 17019195556640609 18020324707031233 19021453857421857 20022583007812481 21023712158203105 22024841308593729 23025970458984353 24027099609374977 25028228759765601 26029357910156225 27030487060546849 28031616210937473 29032745361328097 30033874511718721 31035003662109345 32036132812499969 33037261962890593 34038391113281217 35039520263671841 36040649414062465 37041778564453089 38042907714843713 39044036865234337 40045166015624961 41046295166015585 42047424316406209 43048553466796833 44049682617187457 45050811767578081 46051940917968705 47053070068359329 48054199218749953 49055328369140577 50056457519531201 51057586669921825 52058715820312449 53059844970703073 54060974121093697 55062103271484321 56063232421874945 57064361572265569 58065490722656193 59066619873046817 60067749023437441 61068878173828065 62070007324218689 63071136474609313 64072265624999937 65073394775390561 66074523925781185 67075653076171809 68076782226562433 69077911376953057 70079040527343681 71080169677734305 72081298828124929 73082427978515553 74083557128906177 
Case #31: 1 28 55 
Case #32: 1 20971520000000 41943039999999 62914559999998 83886079999997 104857599999996 125829119999995 146800639999994 167772159999993 188743679999992 209715199999991 230686719999990 251658239999989 272629759999988 293601279999987 314572799999986 335544319999985 356515839999984 377487359999983 398458879999982 419430399999981 440401919999980 461373439999979 482344959999978 503316479999977 524287999999976 545259519999975 566231039999974 587202559999973 608174079999972 629145599999971 650117119999970 671088639999969 692060159999968 713031679999967 734003199999966 754974719999965 775946239999964 796917759999963 817889279999962 838860799999961 859832319999960 880803839999959 901775359999958 922746879999957 943718399999956 964689919999955 985661439999954 1006632959999953 1027604479999952 1048575999999951 1069547519999950 1090519039999949 1111490559999948 1132462079999947 1153433599999946 1174405119999945 1195376639999944 1216348159999943 1237319679999942 1258291199999941 1279262719999940 1300234239999939 1321205759999938 1342177279999937 1363148799999936 1384120319999935 1405091839999934 1426063359999933 1447034879999932 1468006399999931 1488977919999930 1509949439999929 1530920959999928 1551892479999927 1572863999999926 1593835519999925 1614807039999924 1635778559999923 1656750079999922 
Case #33: 1 65 129 193 
Case #34: 1 16777217 
Case #35: 1 2 3 4 
Case #36: 1 90458382170 180916764339 271375146508 361833528677 452291910846 542750293015 633208675184 723667057353 814125439522 904583821691 995042203860 1085500586029 1175958968198 1266417350367 1356875732536 1447334114705 1537792496874 1628250879043 1718709261212 1809167643381 1899626025550 1990084407719 2080542789888 2171001172057 2261459554226 2351917936395 2442376318564 2532834700733 2623293082902 2713751465071 2804209847240 2894668229409 2985126611578 3075584993747 3166043375916 3256501758085 3346960140254 3437418522423 3527876904592 3618335286761 3708793668930 3799252051099 3889710433268 3980168815437 4070627197606 4161085579775 4251543961944 4342002344113 4432460726282 4522919108451 4613377490620 4703835872789 4794294254958 4884752637127 4975211019296 5065669401465 5156127783634 5246586165803 5337044547972 5427502930141 5517961312310 5608419694479 5698878076648 5789336458817 5879794840986 5970253223155 
Case #37: 1 1352605460594688 2705210921189375 4057816381784062 5410421842378749 6763027302973436 8115632763568123 9468238224162810 10820843684757497 12173449145352184 13526054605946871 14878660066541558 16231265527136245 17583870987730932 18936476448325619 20289081908920306 21641687369514993 22994292830109680 24346898290704367 25699503751299054 27052109211893741 28404714672488428 29757320133083115 31109925593677802 32462531054272489 33815136514867176 35167741975461863 36520347436056550 37872952896651237 39225558357245924 40578163817840611 41930769278435298 43283374739029985 44635980199624672 45988585660219359 47341191120814046 48693796581408733 50046402042003420 51399007502598107 52751612963192794 54104218423787481 55456823884382168 56809429344976855 58162034805571542 59514640266166229 60867245726760916 62219851187355603 63572456647950290 
Case #38: 1 
Case #39: 1 24794911297 49589822593 74384733889 99179645185 123974556481 148769467777 173564379073 198359290369 223154201665 247949112961 272744024257 297538935553 322333846849 347128758145 371923669441 396718580737 421513492033 446308403329 471103314625 495898225921 520693137217 545488048513 570282959809 595077871105 619872782401 644667693697 669462604993 694257516289 719052427585 743847338881 768642250177 793437161473 818232072769 843026984065 867821895361 892616806657 917411717953 942206629249 967001540545 991796451841 1016591363137 1041386274433 1066181185729 1090976097025 1115771008321 1140565919617 1165360830913 1190155742209 1214950653505 1239745564801 1264540476097 1289335387393 1314130298689 
Case #40: 1 1453933568 2907867135 4361800702 5815734269 7269667836 8723601403 10177534970 11631468537 13085402104 14539335671 15993269238 17447202805 18901136372 20355069939 21809003506 23262937073 24716870640 26170804207 27624737774 29078671341 30532604908 31986538475 33440472042 34894405609 36348339176 37802272743 39256206310 40710139877 42164073444 43618007011 45071940578 46525874145 47979807712 49433741279 50887674846 52341608413 53795541980 55249475547 56703409114 58157342681 59611276248 61065209815 62519143382 63973076949 65427010516 66880944083 68334877650 69788811217 71242744784 72696678351 74150611918 75604545485 77058479052 78512412619 79966346186 81420279753 82874213320 84328146887 85782080454 87236014021 88689947588 90143881155 91597814722 93051748289 94505681856 95959615423 97413548990 
Case #41: 1 75144747810816 150289495621631 225434243432446 300578991243261 375723739054076 450868486864891 526013234675706 601157982486521 676302730297336 751447478108151 826592225918966 901736973729781 976881721540596 1052026469351411 1127171217162226 1202315964973041 1277460712783856 1352605460594671 1427750208405486 1502894956216301 1578039704027116 1653184451837931 1728329199648746 1803473947459561 1878618695270376 1953763443081191 2028908190892006 2104052938702821 2179197686513636 2254342434324451 2329487182135266 2404631929946081 2479776677756896 2554921425567711 2630066173378526 2705210921189341 2780355669000156 2855500416810971 2930645164621786 3005789912432601 3080934660243416 3156079408054231 3231224155865046 3306368903675861 3381513651486676 3456658399297491 3531803147108306 3606947894919121 3682092642729936 3757237390540751 3832382138351566 3907526886162381 3982671633973196 4057816381784011 4132961129594826 4208105877405641 4283250625216456 4358395373027271 4433540120838086 4508684868648901 4583829616459716 4658974364270531 4734119112081346 4809263859892161 4884408607702976 4959553355513791 5034698103324606 5109842851135421 5184987598946236 5260132346757051 5335277094567866 5410421842378681 5485566590189496 5560711338000311 5635856085811126 5711000833621941 5786145581432756 5861290329243571 5936435077054386 6011579824865201 6086724572676016 6161869320486831 6237014068297646 6312158816108461 6387303563919276 6462448311730091 6537593059540906 6612737807351721 6687882555162536 6763027302973351 6838172050784166 6913316798594981 6988461546405796 7063606294216611 7138751042027426 
Case #42: 1 91125 182249 273373 364497 455621 546745 637869 728993 820117 911241 1002365 1093489 1184613 1275737 1366861 1457985 1549109 1640233 1731357 1822481 1913605 2004729 2095853 2186977 2278101 2369225 2460349 2551473 2642597 2733721 2824845 2915969 3007093 3098217 3189341 3280465 3371589 3462713 3553837 3644961 3736085 3827209 3918333 4009457 
Case #43: 1 10000 19999 29998 39997 49996 59995 69994 79993 89992 
Case #44: 1 65 129 193 257 321 385 449 513 577 641 705 769 833 897 961 1025 1089 1153 1217 1281 1345 1409 1473 1537 1601 1665 1729 1793 1857 1921 1985 2049 2113 2177 2241 2305 2369 2433 2497 2561 2625 2689 2753 2817 2881 2945 3009 3073 3137 3201 3265 3329 3393 3457 3521 3585 3649 3713 3777 3841 3905 3969 4033 
Case #45: 1 107918163081 215836326161 323754489241 431672652321 539590815401 647508978481 755427141561 863345304641 971263467721 1079181630801 1187099793881 1295017956961 1402936120041 1510854283121 1618772446201 1726690609281 1834608772361 1942526935441 2050445098521 2158363261601 2266281424681 2374199587761 2482117750841 2590035913921 2697954077001 2805872240081 2913790403161 3021708566241 3129626729321 3237544892401 3345463055481 3453381218561 3561299381641 3669217544721 3777135707801 3885053870881 3992972033961 4100890197041 4208808360121 4316726523201 4424644686281 4532562849361 4640481012441 4748399175521 4856317338601 4964235501681 5072153664761 5180071827841 5287989990921 5395908154001 5503826317081 5611744480161 5719662643241 5827580806321 5935498969401 6043417132481 6151335295561 6259253458641 6367171621721 6475089784801 6583007947881 6690926110961 6798844274041 6906762437121 7014680600201 7122598763281 7230516926361 7338435089441 
Case #46: 1 24010001 48020001 72030001 96040001 120050001 144060001 168070001 192080001 216090001 240100001 264110001 288120001 312130001 336140001 360150001 384160001 408170001 432180001 456190001 480200001 504210001 528220001 552230001 576240001 600250001 624260001 648270001 672280001 696290001 720300001 744310001 768320001 792330001 816340001 840350001 864360001 888370001 912380001 936390001 960400001 984410001 1008420001 1032430001 1056440001 1080450001 1104460001 1128470001 1152480001 1176490001 1200500001 1224510001 1248520001 1272530001 1296540001 1320550001 1344560001 1368570001 1392580001 1416590001 1440600001 1464610001 1488620001 1512630001 1536640001 1560650001 1584660001 1608670001 1632680001 1656690001 
Case #47: 1 899194740203777 1798389480407553 2697584220611329 3596778960815105 4495973701018881 5395168441222657 6294363181426433 7193557921630209 8092752661833985 8991947402037761 9891142142241537 10790336882445313 11689531622649089 12588726362852865 13487921103056641 14387115843260417 15286310583464193 16185505323667969 17084700063871745 17983894804075521 18883089544279297 19782284284483073 20681479024686849 21580673764890625 22479868505094401 23379063245298177 24278257985501953 25177452725705729 26076647465909505 26975842206113281 27875036946317057 28774231686520833 29673426426724609 30572621166928385 31471815907132161 32371010647335937 33270205387539713 34169400127743489 35068594867947265 35967789608151041 36866984348354817 37766179088558593 38665373828762369 39564568568966145 40463763309169921 41362958049373697 42262152789577473 43161347529781249 44060542269985025 44959737010188801 45858931750392577 46758126490596353 47657321230800129 48556515971003905 49455710711207681 50354905451411457 51254100191615233 52153294931819009 53052489672022785 53951684412226561 54850879152430337 55750073892634113 56649268632837889 57548463373041665 58447658113245441 59346852853449217 60246047593652993 61145242333856769 62044437074060545 62943631814264321 63842826554468097 64742021294671873 65641216034875649 
Case #48: 1 2 3 4 5 6 7 8 9 10 11 12 13 14 15 16 17 18 19 20 21 22 23 24 25 26 27 28 29 30 31 32 33 34 35 36 37 38 39 40 41 42 43 44 45 46 47 48 49 50 51 52 53 54 55 56 57 58 59 60 61 62 63 64 65 66 67 68 69 70 71 72 73 74 75 76 77 78 79 80 81 82 83 84 85 86 87 88 89 90 91 92 
Case #49: 1 75 149 223 297 371 445 519 593 667 741 815 889 963 1037 1111 1185 1259 1333 1407 1481 1555 1629 1703 1777 1851 1925 1999 2073 2147 2221 2295 2369 2443 2517 2591 2665 2739 2813 2887 2961 3035 3109 3183 3257 3331 3405 3479 3553 3627 3701 3775 3849 3923 3997 4071 4145 4219 4293 4367 4441 4515 4589 4663 4737 4811 4885 4959 5033 5107 5181 5255 5329 5403 5477 
Case #50: 1 4357 8713 13069 17425 21781 26137 30493 34849 39205 43561 47917 52273 56629 60985 65341 69697 74053 78409 82765 87121 91477 95833 100189 104545 108901 113257 117613 121969 126325 130681 135037 139393 143749 148105 152461 156817 161173 165529 169885 174241 178597 182953 187309 191665 196021 200377 204733 209089 213445 217801 222157 226513 230869 235225 239581 243937 248293 252649 257005 261361 265717 270073 274429 278785 283141 
Case #51: 1 7226 14451 21676 28901 36126 43351 50576 57801 65026 72251 79476 86701 93926 101151 108376 115601 122826 130051 137276 144501 151726 158951 166176 173401 180626 187851 195076 202301 209526 216751 223976 231201 238426 245651 252876 260101 267326 274551 281776 289001 296226 303451 310676 317901 325126 332351 339576 346801 354026 361251 368476 375701 382926 390151 397376 404601 411826 419051 426276 433501 440726 447951 455176 462401 469626 476851 484076 491301 498526 505751 512976 520201 527426 534651 541876 549101 556326 563551 570776 578001 585226 592451 599676 606901 
Case #52: 1 2 3 4 5 6 7 8 9 10 11 12 13 14 15 16 17 18 19 20 21 22 23 24 25 26 27 28 29 30 31 32 33 34 35 36 37 38 39 40 41 42 43 44 45 46 47 48 49 50 51 52 53 54 55 56 57 58 59 60 61 62 63 64 65 66 67 68 69 70 71 72 73 74 75 76 77 78 79 80 81 82 83 84 
Case #53: 1 17 33 49 
Case #54: 1 15625 31249 46873 62497 
Case #55: 1 4097 8193 12289 16385 20481 24577 28673 32769 36865 40961 45057 49153 53249 57345 61441 65537 69633 73729 77825 81921 86017 90113 94209 98305 102401 106497 110593 114689 118785 122881 126977 131073 135169 139265 143361 147457 151553 155649 159745 163841 167937 172033 176129 180225 184321 188417 192513 196609 200705 204801 208897 212993 217089 221185 225281 229377 233473 237569 241665 245761 249857 253953 258049 
Case #56: 1 3 
Case #57: 1 418195494 836390987 1254586480 1672781973 2090977466 2509172959 2927368452 3345563945 3763759438 4181954931 4600150424 5018345917 5436541410 5854736903 6272932396 6691127889 7109323382 7527518875 7945714368 8363909861 8782105354 9200300847 9618496340 10036691833 10454887326 10873082819 11291278312 11709473805 12127669298 12545864791 12964060284 13382255777 13800451270 14218646763 14636842256 15055037749 15473233242 15891428735 16309624228 16727819721 17146015214 17564210707 17982406200 18400601693 18818797186 19236992679 19655188172 20073383665 20491579158 20909774651 21327970144 21746165637 
Case #58: 1 288230376151711745 
Case #59: 1 59050 118099 
Case #60: 1 92 183 274 365 456 547 638 729 820 911 1002 1093 1184 1275 1366 1457 1548 1639 1730 1821 1912 2003 2094 2185 2276 2367 2458 2549 2640 2731 2822 2913 3004 3095 3186 3277 3368 3459 3550 3641 3732 3823 3914 4005 4096 4187 4278 4369 4460 4551 4642 4733 4824 4915 5006 5097 5188 5279 5370 5461 5552 5643 5734 5825 5916 6007 6098 6189 6280 6371 6462 6553 6644 6735 6826 6917 7008 7099 7190 7281 7372 7463 7554 7645 7736 7827 7918 8009 8100 8191 
Case #61: 1 100 199 298 397 496 595 694 793 892 991 1090 1189 1288 1387 1486 1585 1684 1783 1882 1981 2080 2179 2278 2377 2476 2575 2674 2773 2872 2971 3070 3169 3268 3367 3466 3565 3664 3763 3862 3961 4060 4159 4258 4357 4456 4555 4654 4753 4852 4951 5050 5149 5248 5347 5446 5545 5644 5743 5842 5941 6040 6139 6238 6337 6436 6535 6634 6733 6832 6931 7030 7129 7228 7327 7426 7525 7624 7723 7822 7921 8020 8119 8218 8317 8416 8515 8614 8713 8812 8911 9010 9109 9208 9307 9406 9505 9604 9703 9802 
Case #62: 1 1099511627777 2199023255553 3298534883329 4398046511105 5497558138881 6597069766657 7696581394433 8796093022209 9895604649985 10995116277761 12094627905537 13194139533313 14293651161089 15393162788865 16492674416641 17592186044417 18691697672193 19791209299969 20890720927745 21990232555521 23089744183297 24189255811073 25288767438849 26388279066625 27487790694401 28587302322177 29686813949953 30786325577729 31885837205505 32985348833281 34084860461057 
Case #63: 1 2 3 4 5 6 7 8 9 10 11 12 
Case #64: 1 1000001 2000001 3000001 4000001 5000001 6000001 7000001 8000001 9000001 10000001 11000001 12000001 13000001 14000001 15000001 16000001 17000001 18000001 19000001 20000001 21000001 22000001 23000001 24000001 25000001 26000001 27000001 28000001 29000001 30000001 31000001 32000001 33000001 34000001 35000001 36000001 37000001 38000001 39000001 40000001 41000001 42000001 43000001 44000001 45000001 46000001 47000001 48000001 49000001 50000001 51000001 52000001 53000001 54000001 55000001 56000001 57000001 58000001 59000001 60000001 61000001 62000001 63000001 64000001 65000001 66000001 67000001 68000001 69000001 70000001 71000001 72000001 73000001 74000001 75000001 76000001 77000001 78000001 79000001 80000001 81000001 82000001 83000001 84000001 85000001 86000001 87000001 88000001 89000001 90000001 91000001 92000001 93000001 94000001 95000001 96000001 97000001 98000001 99000001 
Case #65: 1 48 95 142 189 236 283 330 377 424 471 518 565 612 659 706 753 800 847 894 941 988 1035 1082 1129 1176 1223 1270 1317 1364 1411 1458 1505 1552 1599 1646 1693 1740 1787 1834 1881 1928 1975 2022 2069 2116 2163 
Case #66: 1 85766121 171532241 257298361 343064481 428830601 514596721 600362841 686128961 771895081 857661201 943427321 1029193441 1114959561 1200725681 1286491801 1372257921 1458024041 1543790161 1629556281 1715322401 
Case #67: 1 94143178827 188286357653 
Case #68: 1 44231334895529 88462669791057 132694004686585 176925339582113 221156674477641 265388009373169 309619344268697 353850679164225 398082014059753 442313348955281 486544683850809 530776018746337 575007353641865 619238688537393 663470023432921 707701358328449 751932693223977 796164028119505 840395363015033 884626697910561 928858032806089 973089367701617 1017320702597145 1061552037492673 1105783372388201 1150014707283729 1194246042179257 1238477377074785 1282708711970313 1326940046865841 1371171381761369 1415402716656897 1459634051552425 1503865386447953 1548096721343481 1592328056239009 1636559391134537 1680790726030065 1725022060925593 1769253395821121 1813484730716649 1857716065612177 1901947400507705 1946178735403233 1990410070298761 2034641405194289 2078872740089817 2123104074985345 2167335409880873 2211566744776401 2255798079671929 2300029414567457 2344260749462985 2388492084358513 2432723419254041 2476954754149569 2521186089045097 2565417423940625 2609648758836153 2653880093731681 2698111428627209 2742342763522737 2786574098418265 2830805433313793 2875036768209321 2919268103104849 2963499438000377 3007730772895905 3051962107791433 3096193442686961 3140424777582489 3184656112478017 3228887447373545 3273118782269073 3317350117164601 3361581452060129 3405812786955657 3450044121851185 3494275456746713 3538506791642241 3582738126537769 3626969461433297 3671200796328825 3715432131224353 3759663466119881 3803894801015409 3848126135910937 3892357470806465 
Case #69: 1 10000000001 20000000001 30000000001 40000000001 50000000001 60000000001 70000000001 80000000001 90000000001 
Case #70: 1 
Case #71: 1 2049 
Case #72: 1 121 241 361 481 601 721 841 961 1081 1201 
Case #73: 1 150094635296999122 300189270593998243 
Case #74: 1 1073741825 2147483649 3221225473 4294967297 5368709121 6442450945 7516192769 8589934593 9663676417 10737418241 11811160065 12884901889 13958643713 15032385537 16106127361 17179869185 18253611009 19327352833 20401094657 21474836481 22548578305 23622320129 24696061953 25769803777 26843545601 27917287425 28991029249 30064771073 31138512897 32212254721 33285996545 
Case #75: 1 
Case #76: 1 10077697 20155393 30233089 40310785 50388481 
Case #77: 1 1125899906842625 2251799813685249 3377699720527873 
Case #78: 1 65537 131073 196609 
Case #79: 1 
Case #80: 1 
Case #81: 1 13 25 37 49 61 73 85 97 109 121 133 145 
Case #82: 1 10 19 
Case #83: 1 16385 32769 49153 
Case #84: 1 10000 19999 29998 39997 49996 59995 69994 79993 89992 99991 109990 119989 129988 139987 149986 159985 169984 179983 189982 199981 209980 219979 229978 239977 249976 259975 269974 279973 289972 299971 309970 319969 329968 339967 349966 359965 369964 379963 389962 399961 409960 419959 429958 439957 449956 459955 469954 479953 489952 499951 509950 519949 529948 539947 549946 559945 569944 579943 589942 599941 609940 619939 629938 639937 649936 659935 669934 679933 689932 699931 709930 719929 729928 739927 749926 759925 769924 779923 789922 799921 809920 819919 829918 839917 849916 859915 869914 879913 889912 899911 909910 919909 929908 939907 949906 959905 969904 979903 989902 
Case #85: 1 31381059610 62762119219 94143178828 125524238437 156905298046 188286357655 219667417264 251048476873 
Case #86: 1 12230590465 24461180929 36691771393 48922361857 61152952321 73383542785 85614133249 97844723713 110075314177 122305904641 134536495105 146767085569 158997676033 171228266497 183458856961 195689447425 207920037889 220150628353 232381218817 244611809281 256842399745 269072990209 281303580673 293534171137 305764761601 317995352065 330225942529 342456532993 354687123457 366917713921 379148304385 391378894849 403609485313 415840075777 428070666241 440301256705 452531847169 464762437633 476993028097 489223618561 501454209025 513684799489 525915389953 538145980417 550376570881 562607161345 574837751809 
Case #87: 1 1853020188851842 3706040377703683 5559060566555524 7412080755407365 9265100944259206 11118121133111047 12971141321962888 14824161510814729 
Case #88: 1 
Case #89: 1 2 3 4 5 
Case #90: 1 129 
Case #91: 1 1336337 2672673 4009009 5345345 6681681 8018017 9354353 10690689 12027025 13363361 14699697 16036033 17372369 18708705 20045041 21381377 22717713 24054049 25390385 26726721 28063057 29399393 30735729 32072065 33408401 34744737 36081073 37417409 38753745 40090081 41426417 42762753 44099089 
Case #92: 1 
Case #93: 1 10000000000000000 19999999999999999 29999999999999998 39999999999999997 49999999999999996 59999999999999995 69999999999999994 79999999999999993 89999999999999992 99999999999999991 109999999999999990 119999999999999989 129999999999999988 139999999999999987 149999999999999986 159999999999999985 169999999999999984 179999999999999983 189999999999999982 199999999999999981 209999999999999980 219999999999999979 229999999999999978 239999999999999977 249999999999999976 259999999999999975 269999999999999974 279999999999999973 289999999999999972 299999999999999971 309999999999999970 319999999999999969 329999999999999968 339999999999999967 349999999999999966 359999999999999965 369999999999999964 379999999999999963 389999999999999962 399999999999999961 409999999999999960 419999999999999959 429999999999999958 439999999999999957 449999999999999956 459999999999999955 469999999999999954 479999999999999953 489999999999999952 499999999999999951 509999999999999950 519999999999999949 529999999999999948 539999999999999947 549999999999999946 559999999999999945 569999999999999944 579999999999999943 589999999999999942 599999999999999941 609999999999999940 619999999999999939 629999999999999938 639999999999999937 649999999999999936 659999999999999935 669999999999999934 679999999999999933 689999999999999932 699999999999999931 709999999999999930 719999999999999929 729999999999999928 739999999999999927 749999999999999926 759999999999999925 769999999999999924 779999999999999923 789999999999999922 799999999999999921 809999999999999920 819999999999999919 829999999999999918 839999999999999917 849999999999999916 859999999999999915 869999999999999914 879999999999999913 889999999999999912 899999999999999911 909999999999999910 919999999999999909 929999999999999908 939999999999999907 949999999999999906 959999999999999905 969999999999999904 979999999999999903 989999999999999902 
Case #94: 1 12168 24335 36502 48669 60836 73003 85170 97337 109504 121671 133838 146005 158172 170339 182506 194673 206840 219007 231174 243341 255508 267675 
Case #95: 1 4477456 8954911 13432366 17909821 22387276 26864731 31342186 35819641 40297096 44774551 49252006 53729461 58206916 62684371 67161826 71639281 76116736 80594191 85071646 89549101 94026556 98504011 102981466 107458921 111936376 116413831 120891286 125368741 129846196 134323651 138801106 143278561 147756016 152233471 156710926 161188381 165665836 170143291 174620746 179098201 183575656 188053111 192530566 197008021 201485476 
Case #96: 1 743008370688 1486016741375 2229025112062 2972033482749 3715041853436 4458050224123 5201058594810 5944066965497 6687075336184 7430083706871 8173092077558 
Case #97: 1 777600001 1555200001 2332800001 3110400001 3888000001 4665600001 5443200001 6220800001 6998400001 7776000001 8553600001 9331200001 10108800001 10886400001 11664000001 12441600001 13219200001 13996800001 14774400001 15552000001 16329600001 17107200001 17884800001 18662400001 19440000001 20217600001 20995200001 21772800001 22550400001 23328000001 24105600001 24883200001 25660800001 26438400001 27216000001 27993600001 28771200001 29548800001 30326400001 31104000001 31881600001 32659200001 33436800001 34214400001 34992000001 35769600001 36547200001 37324800001 38102400001 38880000001 39657600001 40435200001 41212800001 41990400001 42768000001 43545600001 44323200001 45100800001 45878400001 
Case #98: 1 3518743762 7037487523 10556231284 14074975045 17593718806 21112462567 24631206328 28149950089 31668693850 35187437611 38706181372 42224925133 45743668894 49262412655 52781156416 56299900177 59818643938 63337387699 66856131460 70374875221 73893618982 77412362743 80931106504 84449850265 87968594026 91487337787 95006081548 98524825309 102043569070 105562312831 109081056592 112599800353 116118544114 119637287875 123156031636 126674775397 130193519158 133712262919 
Case #99: 1 262145 524289 786433 
Case #100: 1 7744 15487 23230 30973 38716 46459 54202 61945 69688 77431 85174 92917 100660 108403 116146 123889 131632 139375 147118 154861 162604 170347 178090 185833 193576 201319 209062 216805 224548 232291 240034 247777 255520 263263 271006 278749 286492 294235 301978 309721 317464 325207 332950 340693 348436 356179 363922 371665 379408 387151 394894 402637 410380 418123 425866 433609 441352 449095 456838 464581 472324 480067 487810 495553 503296 511039 518782 526525 534268 542011 549754 557497 565240 572983 580726 588469 596212 603955 611698 619441 627184 634927 642670 650413 658156 665899 673642 
