50
2
2 2
3
3 2 2
3
1 1 2
3
2 3 1
26
40 37 40 37 37 40 43 32 31 36 47 39 48 34 40 35 52 34 36 40 33 34 37 34 35 42
22
44 42 42 43 45 33 30 50 46 42 53 42 54 49 40 48 46 38 55 57 55 40
26
11 23 24 25 18 21 22 14 148 17 25 17 26 127 25 20 139 22 15 15 16 18 152 27 23 10
11
89 88 75 109 91 94 97 91 92 90 84
3
2 2 2
26
21 19 25 16 28 15 26 15 134 174 18 15 18 20 23 16 11 14 18 22 136 18 24 21 21 132
3
4 3 2
2
3 3
26
160 134 132 145 14 22 23 19 19 20 20 13 19 15 23 20 20 16 19 23 21 27 18 16 18 24
15
71 56 67 60 63 55 82 66 63 61 72 77 63 71 64
3
3 1 3
16
1 1 1 1 1 1 1 1 1 1 1 1 1 1 15 1
3
1 3 4
17
51 69 45 64 51 51 57 71 67 53 56 63 62 53 57 60 65
26
1 1 1 1 1 1 1 1 1 1 1 1 1 1 1 1 1 1 1 1 1 1 1 1 1 1
3
2 3 2
20
43 44 63 47 41 54 50 53 57 51 45 50 41 44 63 52 50 46 50 54
19
49 54 43 60 46 57 45 59 48 50 68 50 57 51 47 52 62 53 47
3
2 2 1
10
9 1 9 1 9 1 9 1 9 1
26
19 17 21 23 134 28 118 21 20 22 16 139 24 19 19 30 29 29 133 14 23 18 22 22 25 15
26
20 1 20 1 20 1 20 1 20 1 20 1 20 1 20 1 20 1 20 1 20 1 20 1 20 1
26
43 47 45 31 48 46 40 41 36 25 28 37 38 32 31 47 28 48 42 38 32 41 27 46 39 44
3
1 4 4
26
32 44 37 25 42 33 40 38 48 28 43 35 43 36 40 42 32 41 47 41 40 49 38 39 31 36
24
44 39 43 38 41 40 44 46 44 39 40 36 37 42 38 37 49 35 45 51 47 51 43 29
14
59 67 77 73 76 72 65 68 70 56 87 78 73 74
4
251 236 264 245
26
39 42 36 36 47 29 40 44 42 42 40 30 32 37 48 41 36 36 41 39 47 36 44 28 31 37
3
2 2 3
10
104 95 91 93 107 94 112 92 98 108
26
50 39 35 37 43 36 44 34 36 34 38 35 40 41 31 42 28 46 43 32 37 45 38 36 37 43
4
258 229 247 265
26
18 46 28 35 46 43 31 38 36 56 41 38 40 29 39 43 44 47 33 33 41 42 45 30 45 28
26
31 32 42 43 38 46 41 34 43 42 36 39 34 36 36 50 37 42 41 42 44 31 29 31 37 43
26
40 39 32 33 43 37 41 30 43 31 39 42 38 40 35 41 42 32 43 30 39 47 41 46 32 44
14
66 81 68 60 79 66 59 77 74 82 80 67 71 63
26
256 18 23 13 25 23 26 20 15 18 251 22 29 16 25 23 29 19 21 24 20 18 15 18 17 16
26
109 113 134 109 121 20 18 19 23 28 17 14 24 20 20 25 28 15 18 20 16 22 21 15 13 18
3
1 2 2
26
37 48 46 41 40 33 46 36 39 44 36 31 40 52 45 35 31 24 37 35 40 32 38 48 37 28
3
1 2 1
26
176 186 204 21 20 10 16 21 25 21 17 11 22 20 19 14 18 23 22 17 17 19 22 21 11 27
26
25 1 1 1 1 1 1 1 1 1 1 1 1 1 1 1 1 1 1 1 1 1 1 1 1 1
26
41 47 46 29 38 40 45 31 30 32 34 31 44 45 35 24 40 47 45 48 32 38 41 44 41 32
26
258 260 15 20 17 20 12 19 19 19 22 27 21 16 16 31 30 19 21 19 24 19 13 20 20 23
