100
5 4
2 1
4 20
7 26
38 63934573580
16 4652
3 3
7 28
31 180810429
14 2327
7 3
43 1322486336962
2 1000000000000000000
7 10
7 19
14 1487
45 5893410238062
50 140737488355328
47 28445602260647
14 3609
7 23
3 1
28 61981903
37 34011127127
41 537520151057
7 16
41 124126139535
16 14491
39 106140286833
7 32
25 252525
4 2
45 7825516160863
19 76293
7 12
41 23231744523
7 11
3 2
7 1
7 4
4 1
4 4
2 2
7 8
7 31
16 921
12 861
7 21
7 9
25 1000000000000000000
27 2898713
49 281474976710656
34 1032900350
50 1
40 247666229179
4 5
7 5
46 703160410718
36 5924944972
30 141246056
32 332666949
19 29881
7 15
4 3
7 25
50 281474976710656
7 33
49 76534052442219
7 22
50 281474976710655
49 140737488355328
31 120822055
7 30
7 20
18 42798
50 105553116266496
7 17
14 2248
49 140737488355329
25 8388609
7 24
47 19147225084654
7 2
7 6
11 138
27 5300017
50 1000000000000000000
14 922
7 13
50 999999999999999999
49 25446270842724
7 14
7 7
47 23564619777111
8 57
30 208385361
7 29
7 27
7 18
50 281474976710657
