Case #1: POSSIBLE
01111
00111
00011
00000
00000
Case #2: POSSIBLE
01
00
Case #3: IMPOSSIBLE
Case #4: POSSIBLE
0111111
0011111
0001110
0000110
0000011
0000001
0000000
Case #5: POSSIBLE
01111111111111111111111111111111111111
00111111111111111111111111111111111111
00011111111111111111111111111111111111
00001111111111111111111111111111111110
00000111111111111111111111111111111111
00000011111111111111111111111111111110
00000001111111111111111111111111111110
00000000111111111111111111111111111110
00000000011111111111111111111111111110
00000000001111111111111111111111111110
00000000000111111111111111111111111110
00000000000011111111111111111111111111
00000000000001111111111111111111111111
00000000000000111111111111111111111110
00000000000000011111111111111111111111
00000000000000001111111111111111111110
00000000000000000111111111111111111110
00000000000000000011111111111111111110
00000000000000000001111111111111111110
00000000000000000000111111111111111111
00000000000000000000011111111111111111
00000000000000000000001111111111111110
00000000000000000000000111111111111110
00000000000000000000000011111111111111
00000000000000000000000001111111111111
00000000000000000000000000111111111110
00000000000000000000000000011111111111
00000000000000000000000000001111111110
00000000000000000000000000000111111110
00000000000000000000000000000011111110
00000000000000000000000000000001111111
00000000000000000000000000000000111111
00000000000000000000000000000000011111
00000000000000000000000000000000001110
00000000000000000000000000000000000111
00000000000000000000000000000000000011
00000000000000000000000000000000000001
00000000000000000000000000000000000000
Case #6: POSSIBLE
0111111111111111
0011111111111111
0001111111111111
0000111111111110
0000011111111111
0000001111111110
0000000111111111
0000000011111110
0000000001111110
0000000000111110
0000000000011111
0000000000001110
0000000000000110
0000000000000011
0000000000000000
0000000000000000
Case #7: IMPOSSIBLE
Case #8: POSSIBLE
0111111
0011111
0001111
0000110
0000011
0000001
0000000
Case #9: POSSIBLE
0111111111111111111111111111111
0011111111111111111111111111110
0001111111111111111111111111110
0000111111111111111111111111111
0000011111111111111111111111111
0000001111111111111111111111111
0000000111111111111111111111111
0000000011111111111111111111110
0000000001111111111111111111111
0000000000111111111111111111110
0000000000011111111111111111111
0000000000001111111111111111110
0000000000000111111111111111110
0000000000000011111111111111111
0000000000000001111111111111111
0000000000000000111111111111111
0000000000000000011111111111111
0000000000000000001111111111110
0000000000000000000111111111111
0000000000000000000011111111111
0000000000000000000001111111110
0000000000000000000000111111110
0000000000000000000000011111110
0000000000000000000000001111111
0000000000000000000000000111111
0000000000000000000000000011110
0000000000000000000000000001111
0000000000000000000000000000110
0000000000000000000000000000011
0000000000000000000000000000000
0000000000000000000000000000000
Case #10: POSSIBLE
01111111111111
00111111111110
00011111111111
00001111111111
00000111111110
00000011111111
00000001111110
00000000111110
00000000011110
00000000001111
00000000000110
00000000000010
00000000000001
00000000000000
Case #11: POSSIBLE
0111111
0011110
0001111
0000110
0000010
0000000
0000000
Case #12: POSSIBLE
0111111111111111111111111111111111111111111
0011111111111111111111111111111111111111111
0001111111111111111111111111111111111111110
0000111111111111111111111111111111111111110
0000011111111111111111111111111111111111110
0000001111111111111111111111111111111111110
0000000111111111111111111111111111111111110
0000000011111111111111111111111111111111111
0000000001111111111111111111111111111111111
0000000000111111111111111111111111111111111
0000000000011111111111111111111111111111110
0000000000001111111111111111111111111111111
0000000000000111111111111111111111111111111
0000000000000011111111111111111111111111110
0000000000000001111111111111111111111111110
0000000000000000111111111111111111111111110
0000000000000000011111111111111111111111110
0000000000000000001111111111111111111111110
0000000000000000000111111111111111111111110
0000000000000000000011111111111111111111111
0000000000000000000001111111111111111111110
0000000000000000000000111111111111111111111
0000000000000000000000011111111111111111110
0000000000000000000000001111111111111111111
0000000000000000000000000111111111111111110
0000000000000000000000000011111111111111110
0000000000000000000000000001111111111111111
0000000000000000000000000000111111111111110
0000000000000000000000000000011111111111111
0000000000000000000000000000001111111111110
0000000000000000000000000000000111111111111
0000000000000000000000000000000011111111111
0000000000000000000000000000000001111111111
0000000000000000000000000000000000111111111
0000000000000000000000000000000000011111111
0000000000000000000000000000000000001111110
0000000000000000000000000000000000000111110
0000000000000000000000000000000000000011111
0000000000000000000000000000000000000001111
0000000000000000000000000000000000000000110
0000000000000000000000000000000000000000010
0000000000000000000000000000000000000000001
0000000000000000000000000000000000000000000
Case #13: IMPOSSIBLE
Case #14: POSSIBLE
0111111
0011111
0001110
0000110
0000011
0000000
0000000
Case #15: POSSIBLE
0111111
0011110
0001111
0000110
0000010
0000001
0000000
Case #16: POSSIBLE
01111111111111
00111111111110
00011111111111
00001111111111
00000111111111
00000011111110
00000001111110
00000000111111
00000000011111
00000000001111
00000000000110
00000000000011
00000000000000
00000000000000
Case #17: POSSIBLE
011111111111111111111111111111111111111111111
001111111111111111111111111111111111111111111
000111111111111111111111111111111111111111110
000011111111111111111111111111111111111111111
000001111111111111111111111111111111111111111
000000111111111111111111111111111111111111110
000000011111111111111111111111111111111111111
000000001111111111111111111111111111111111111
000000000111111111111111111111111111111111110
000000000011111111111111111111111111111111110
000000000001111111111111111111111111111111111
000000000000111111111111111111111111111111111
000000000000011111111111111111111111111111111
000000000000001111111111111111111111111111110
000000000000000111111111111111111111111111111
000000000000000011111111111111111111111111110
000000000000000001111111111111111111111111111
000000000000000000111111111111111111111111111
000000000000000000011111111111111111111111111
000000000000000000001111111111111111111111111
000000000000000000000111111111111111111111111
000000000000000000000011111111111111111111111
000000000000000000000001111111111111111111110
000000000000000000000000111111111111111111110
000000000000000000000000011111111111111111111
000000000000000000000000001111111111111111110
000000000000000000000000000111111111111111111
000000000000000000000000000011111111111111110
000000000000000000000000000001111111111111111
000000000000000000000000000000111111111111110
000000000000000000000000000000011111111111111
000000000000000000000000000000001111111111110
000000000000000000000000000000000111111111110
000000000000000000000000000000000011111111110
000000000000000000000000000000000001111111110
000000000000000000000000000000000000111111111
000000000000000000000000000000000000011111111
000000000000000000000000000000000000001111111
000000000000000000000000000000000000000111110
000000000000000000000000000000000000000011111
000000000000000000000000000000000000000001110
000000000000000000000000000000000000000000111
000000000000000000000000000000000000000000010
000000000000000000000000000000000000000000001
000000000000000000000000000000000000000000000
Case #18: POSSIBLE
01111111111111111111111111111111111111111111111111
00111111111111111111111111111111111111111111111111
00011111111111111111111111111111111111111111111111
00001111111111111111111111111111111111111111111111
00000111111111111111111111111111111111111111111111
00000011111111111111111111111111111111111111111111
00000001111111111111111111111111111111111111111111
00000000111111111111111111111111111111111111111111
00000000011111111111111111111111111111111111111111
00000000001111111111111111111111111111111111111111
00000000000111111111111111111111111111111111111111
00000000000011111111111111111111111111111111111111
00000000000001111111111111111111111111111111111111
00000000000000111111111111111111111111111111111111
00000000000000011111111111111111111111111111111111
00000000000000001111111111111111111111111111111111
00000000000000000111111111111111111111111111111111
00000000000000000011111111111111111111111111111111
00000000000000000001111111111111111111111111111111
00000000000000000000111111111111111111111111111111
00000000000000000000011111111111111111111111111111
00000000000000000000001111111111111111111111111111
00000000000000000000000111111111111111111111111111
00000000000000000000000011111111111111111111111111
00000000000000000000000001111111111111111111111111
00000000000000000000000000111111111111111111111111
00000000000000000000000000011111111111111111111111
00000000000000000000000000001111111111111111111111
00000000000000000000000000000111111111111111111111
00000000000000000000000000000011111111111111111111
00000000000000000000000000000001111111111111111111
00000000000000000000000000000000111111111111111111
00000000000000000000000000000000011111111111111111
00000000000000000000000000000000001111111111111111
00000000000000000000000000000000000111111111111111
00000000000000000000000000000000000011111111111111
00000000000000000000000000000000000001111111111111
00000000000000000000000000000000000000111111111111
00000000000000000000000000000000000000011111111111
00000000000000000000000000000000000000001111111111
00000000000000000000000000000000000000000111111111
00000000000000000000000000000000000000000011111111
00000000000000000000000000000000000000000001111111
00000000000000000000000000000000000000000000111111
00000000000000000000000000000000000000000000011111
00000000000000000000000000000000000000000000001111
00000000000000000000000000000000000000000000000111
00000000000000000000000000000000000000000000000011
00000000000000000000000000000000000000000000000000
00000000000000000000000000000000000000000000000000
Case #19: POSSIBLE
01111111111111111111111111111111111111111111111
00111111111111111111111111111111111111111111110
00011111111111111111111111111111111111111111111
00001111111111111111111111111111111111111111111
00000111111111111111111111111111111111111111110
00000011111111111111111111111111111111111111110
00000001111111111111111111111111111111111111111
00000000111111111111111111111111111111111111110
00000000011111111111111111111111111111111111111
00000000001111111111111111111111111111111111110
00000000000111111111111111111111111111111111111
00000000000011111111111111111111111111111111111
00000000000001111111111111111111111111111111110
00000000000000111111111111111111111111111111110
00000000000000011111111111111111111111111111111
00000000000000001111111111111111111111111111110
00000000000000000111111111111111111111111111111
00000000000000000011111111111111111111111111110
00000000000000000001111111111111111111111111110
00000000000000000000111111111111111111111111111
00000000000000000000011111111111111111111111110
00000000000000000000001111111111111111111111110
00000000000000000000000111111111111111111111110
00000000000000000000000011111111111111111111110
00000000000000000000000001111111111111111111110
00000000000000000000000000111111111111111111110
00000000000000000000000000011111111111111111111
00000000000000000000000000001111111111111111110
00000000000000000000000000000111111111111111110
00000000000000000000000000000011111111111111110
00000000000000000000000000000001111111111111110
00000000000000000000000000000000111111111111110
00000000000000000000000000000000011111111111110
00000000000000000000000000000000001111111111111
00000000000000000000000000000000000111111111111
00000000000000000000000000000000000011111111111
00000000000000000000000000000000000001111111111
00000000000000000000000000000000000000111111111
00000000000000000000000000000000000000011111110
00000000000000000000000000000000000000001111111
00000000000000000000000000000000000000000111111
00000000000000000000000000000000000000000011111
00000000000000000000000000000000000000000001110
00000000000000000000000000000000000000000000110
00000000000000000000000000000000000000000000011
00000000000000000000000000000000000000000000001
00000000000000000000000000000000000000000000000
Case #20: POSSIBLE
01111111111111
00111111111110
00011111111110
00001111111110
00000111111111
00000011111111
00000001111110
00000000111110
00000000011110
00000000001110
00000000000111
00000000000011
00000000000001
00000000000000
Case #21: POSSIBLE
0111111
0011110
0001111
0000111
0000010
0000001
0000000
Case #22: POSSIBLE
011
000
000
Case #23: POSSIBLE
0111111111111111111111111111
0011111111111111111111111110
0001111111111111111111111111
0000111111111111111111111111
0000011111111111111111111111
0000001111111111111111111110
0000000111111111111111111110
0000000011111111111111111111
0000000001111111111111111111
0000000000111111111111111110
0000000000011111111111111110
0000000000001111111111111111
0000000000000111111111111110
0000000000000011111111111110
0000000000000001111111111110
0000000000000000111111111111
0000000000000000011111111111
0000000000000000001111111111
0000000000000000000111111110
0000000000000000000011111110
0000000000000000000001111110
0000000000000000000000111111
0000000000000000000000011111
0000000000000000000000001110
0000000000000000000000000111
0000000000000000000000000011
0000000000000000000000000001
0000000000000000000000000000
Case #24: POSSIBLE
0111111111111111111111111111111111111
0011111111111111111111111111111111110
0001111111111111111111111111111111111
0000111111111111111111111111111111111
0000011111111111111111111111111111110
0000001111111111111111111111111111111
0000000111111111111111111111111111110
0000000011111111111111111111111111111
0000000001111111111111111111111111110
0000000000111111111111111111111111111
0000000000011111111111111111111111110
0000000000001111111111111111111111111
0000000000000111111111111111111111111
0000000000000011111111111111111111111
0000000000000001111111111111111111110
0000000000000000111111111111111111110
0000000000000000011111111111111111111
0000000000000000001111111111111111110
0000000000000000000111111111111111110
0000000000000000000011111111111111110
0000000000000000000001111111111111111
0000000000000000000000111111111111111
0000000000000000000000011111111111111
0000000000000000000000001111111111110
0000000000000000000000000111111111110
0000000000000000000000000011111111111
0000000000000000000000000001111111111
0000000000000000000000000000111111110
0000000000000000000000000000011111111
0000000000000000000000000000001111110
0000000000000000000000000000000111111
0000000000000000000000000000000011111
0000000000000000000000000000000001111
0000000000000000000000000000000000111
0000000000000000000000000000000000011
0000000000000000000000000000000000001
0000000000000000000000000000000000000
Case #25: POSSIBLE
01111111111111111111111111111111111111111
00111111111111111111111111111111111111110
00011111111111111111111111111111111111110
00001111111111111111111111111111111111110
00000111111111111111111111111111111111110
00000011111111111111111111111111111111111
00000001111111111111111111111111111111110
00000000111111111111111111111111111111110
00000000011111111111111111111111111111110
00000000001111111111111111111111111111110
00000000000111111111111111111111111111111
00000000000011111111111111111111111111110
00000000000001111111111111111111111111111
00000000000000111111111111111111111111111
00000000000000011111111111111111111111110
00000000000000001111111111111111111111110
00000000000000000111111111111111111111111
00000000000000000011111111111111111111110
00000000000000000001111111111111111111111
00000000000000000000111111111111111111110
00000000000000000000011111111111111111110
00000000000000000000001111111111111111111
00000000000000000000000111111111111111111
00000000000000000000000011111111111111110
00000000000000000000000001111111111111111
00000000000000000000000000111111111111110
00000000000000000000000000011111111111111
00000000000000000000000000001111111111111
00000000000000000000000000000111111111110
00000000000000000000000000000011111111110
00000000000000000000000000000001111111111
00000000000000000000000000000000111111110
00000000000000000000000000000000011111110
00000000000000000000000000000000001111111
00000000000000000000000000000000000111110
00000000000000000000000000000000000011111
00000000000000000000000000000000000001111
00000000000000000000000000000000000000111
00000000000000000000000000000000000000011
00000000000000000000000000000000000000001
00000000000000000000000000000000000000000
Case #26: POSSIBLE
0111111
0011111
0001111
0000111
0000011
0000000
0000000
Case #27: POSSIBLE
01111111111111111111111111111111111111111
00111111111111111111111111111111111111110
00011111111111111111111111111111111111111
00001111111111111111111111111111111111111
00000111111111111111111111111111111111111
00000011111111111111111111111111111111110
00000001111111111111111111111111111111110
00000000111111111111111111111111111111110
00000000011111111111111111111111111111111
00000000001111111111111111111111111111110
00000000000111111111111111111111111111110
00000000000011111111111111111111111111111
00000000000001111111111111111111111111110
00000000000000111111111111111111111111111
00000000000000011111111111111111111111110
00000000000000001111111111111111111111110
00000000000000000111111111111111111111111
00000000000000000011111111111111111111110
00000000000000000001111111111111111111111
00000000000000000000111111111111111111111
00000000000000000000011111111111111111111
00000000000000000000001111111111111111111
00000000000000000000000111111111111111111
00000000000000000000000011111111111111111
00000000000000000000000001111111111111110
00000000000000000000000000111111111111110
00000000000000000000000000011111111111111
00000000000000000000000000001111111111111
00000000000000000000000000000111111111110
00000000000000000000000000000011111111110
00000000000000000000000000000001111111111
00000000000000000000000000000000111111111
00000000000000000000000000000000011111111
00000000000000000000000000000000001111110
00000000000000000000000000000000000111110
00000000000000000000000000000000000011111
00000000000000000000000000000000000001111
00000000000000000000000000000000000000111
00000000000000000000000000000000000000010
00000000000000000000000000000000000000000
00000000000000000000000000000000000000000
Case #28: POSSIBLE
0111111111111111
0011111111111110
0001111111111111
0000111111111110
0000011111111111
0000001111111111
0000000111111110
0000000011111110
0000000001111111
0000000000111110
0000000000011110
0000000000001110
0000000000000111
0000000000000011
0000000000000001
0000000000000000
Case #29: POSSIBLE
011111111111111111111111111111111111111
001111111111111111111111111111111111110
000111111111111111111111111111111111110
000011111111111111111111111111111111110
000001111111111111111111111111111111110
000000111111111111111111111111111111111
000000011111111111111111111111111111111
000000001111111111111111111111111111111
000000000111111111111111111111111111110
000000000011111111111111111111111111111
000000000001111111111111111111111111111
000000000000111111111111111111111111111
000000000000011111111111111111111111111
000000000000001111111111111111111111111
000000000000000111111111111111111111111
000000000000000011111111111111111111110
000000000000000001111111111111111111110
000000000000000000111111111111111111110
000000000000000000011111111111111111110
000000000000000000001111111111111111111
000000000000000000000111111111111111110
000000000000000000000011111111111111111
000000000000000000000001111111111111111
000000000000000000000000111111111111111
000000000000000000000000011111111111110
000000000000000000000000001111111111110
000000000000000000000000000111111111111
000000000000000000000000000011111111111
000000000000000000000000000001111111110
000000000000000000000000000000111111111
000000000000000000000000000000011111111
000000000000000000000000000000001111110
000000000000000000000000000000000111111
000000000000000000000000000000000011110
000000000000000000000000000000000001110
000000000000000000000000000000000000110
000000000000000000000000000000000000011
000000000000000000000000000000000000001
000000000000000000000000000000000000000
Case #30: POSSIBLE
0111111
0011111
0001111
0000111
0000011
0000001
0000000
Case #31: POSSIBLE
0111111111111111111111111
0011111111111111111111110
0001111111111111111111110
0000111111111111111111111
0000011111111111111111111
0000001111111111111111110
0000000111111111111111111
0000000011111111111111111
0000000001111111111111110
0000000000111111111111110
0000000000011111111111111
0000000000001111111111110
0000000000000111111111111
0000000000000011111111111
0000000000000001111111110
0000000000000000111111111
0000000000000000011111111
0000000000000000001111111
0000000000000000000111111
0000000000000000000011110
0000000000000000000001110
0000000000000000000000110
0000000000000000000000010
0000000000000000000000000
0000000000000000000000000
Case #32: POSSIBLE
0111
0011
0000
0000
Case #33: POSSIBLE
011111111111111111111111111111111111111111111
001111111111111111111111111111111111111111110
000111111111111111111111111111111111111111111
000011111111111111111111111111111111111111111
000001111111111111111111111111111111111111111
000000111111111111111111111111111111111111111
000000011111111111111111111111111111111111110
000000001111111111111111111111111111111111111
000000000111111111111111111111111111111111110
000000000011111111111111111111111111111111111
000000000001111111111111111111111111111111111
000000000000111111111111111111111111111111111
000000000000011111111111111111111111111111110
000000000000001111111111111111111111111111110
000000000000000111111111111111111111111111111
000000000000000011111111111111111111111111111
000000000000000001111111111111111111111111110
000000000000000000111111111111111111111111110
000000000000000000011111111111111111111111110
000000000000000000001111111111111111111111111
000000000000000000000111111111111111111111111
000000000000000000000011111111111111111111111
000000000000000000000001111111111111111111110
000000000000000000000000111111111111111111110
000000000000000000000000011111111111111111110
000000000000000000000000001111111111111111111
000000000000000000000000000111111111111111110
000000000000000000000000000011111111111111111
000000000000000000000000000001111111111111110
000000000000000000000000000000111111111111110
000000000000000000000000000000011111111111110
000000000000000000000000000000001111111111110
000000000000000000000000000000000111111111110
000000000000000000000000000000000011111111110
000000000000000000000000000000000001111111111
000000000000000000000000000000000000111111111
000000000000000000000000000000000000011111111
000000000000000000000000000000000000001111111
000000000000000000000000000000000000000111110
000000000000000000000000000000000000000011110
000000000000000000000000000000000000000001110
000000000000000000000000000000000000000000111
000000000000000000000000000000000000000000011
000000000000000000000000000000000000000000001
000000000000000000000000000000000000000000000
Case #34: POSSIBLE
0111111111111111111
0011111111111111110
0001111111111111110
0000111111111111111
0000011111111111110
0000001111111111110
0000000111111111110
0000000011111111110
0000000001111111110
0000000000111111110
0000000000011111111
0000000000001111110
0000000000000111111
0000000000000011110
0000000000000001111
0000000000000000110
0000000000000000010
0000000000000000001
0000000000000000000
Case #35: POSSIBLE
0111111
0011111
0001111
0000110
0000011
0000000
0000000
Case #36: POSSIBLE
01111111111111111111111111111111111111111
00111111111111111111111111111111111111110
00011111111111111111111111111111111111111
00001111111111111111111111111111111111110
00000111111111111111111111111111111111111
00000011111111111111111111111111111111110
00000001111111111111111111111111111111110
00000000111111111111111111111111111111110
00000000011111111111111111111111111111110
00000000001111111111111111111111111111110
00000000000111111111111111111111111111111
00000000000011111111111111111111111111110
00000000000001111111111111111111111111111
00000000000000111111111111111111111111110
00000000000000011111111111111111111111110
00000000000000001111111111111111111111111
00000000000000000111111111111111111111110
00000000000000000011111111111111111111110
00000000000000000001111111111111111111110
00000000000000000000111111111111111111110
00000000000000000000011111111111111111111
00000000000000000000001111111111111111111
00000000000000000000000111111111111111111
00000000000000000000000011111111111111110
00000000000000000000000001111111111111111
00000000000000000000000000111111111111110
00000000000000000000000000011111111111110
00000000000000000000000000001111111111110
00000000000000000000000000000111111111111
00000000000000000000000000000011111111110
00000000000000000000000000000001111111111
00000000000000000000000000000000111111111
00000000000000000000000000000000011111110
00000000000000000000000000000000001111111
00000000000000000000000000000000000111110
00000000000000000000000000000000000011111
00000000000000000000000000000000000001110
00000000000000000000000000000000000000110
00000000000000000000000000000000000000010
00000000000000000000000000000000000000000
00000000000000000000000000000000000000000
Case #37: POSSIBLE
0111111
0011110
0001111
0000110
0000011
0000000
0000000
Case #38: POSSIBLE
011
001
000
Case #39: POSSIBLE
0111111
0011110
0001110
0000110
0000010
0000000
0000000
Case #40: POSSIBLE
0111111
0011111
0001111
0000110
0000010
0000000
0000000
Case #41: POSSIBLE
0111
0010
0000
0000
Case #42: POSSIBLE
0111
0011
0001
0000
Case #43: IMPOSSIBLE
Case #44: POSSIBLE
0111111
0011111
0001111
0000111
0000010
0000000
0000000
Case #45: POSSIBLE
0111111
0011110
0001111
0000111
0000011
0000001
0000000
Case #46: POSSIBLE
0111111111111111
0011111111111110
0001111111111110
0000111111111110
0000011111111111
0000001111111111
0000000111111110
0000000011111110
0000000001111111
0000000000111111
0000000000011111
0000000000001110
0000000000000110
0000000000000010
0000000000000000
0000000000000000
Case #47: POSSIBLE
011111111111
001111111110
000111111110
000011111111
000001111111
000000111111
000000011110
000000001111
000000000110
000000000011
000000000001
000000000000
Case #48: POSSIBLE
0111111
0011110
0001110
0000111
0000010
0000001
0000000
Case #49: POSSIBLE
0111111
0011110
0001110
0000110
0000011
0000000
0000000
Case #50: IMPOSSIBLE
Case #51: POSSIBLE
011111111111111111111111111
001111111111111111111111110
000111111111111111111111110
000011111111111111111111110
000001111111111111111111111
000000111111111111111111111
000000011111111111111111110
000000001111111111111111110
000000000111111111111111110
000000000011111111111111111
000000000001111111111111111
000000000000111111111111110
000000000000011111111111111
000000000000001111111111111
000000000000000111111111111
000000000000000011111111110
000000000000000001111111110
000000000000000000111111110
000000000000000000011111110
000000000000000000001111111
000000000000000000000111111
000000000000000000000011110
000000000000000000000001111
000000000000000000000000110
000000000000000000000000010
000000000000000000000000000
000000000000000000000000000
Case #52: IMPOSSIBLE
Case #53: POSSIBLE
0111111111111111111111111111111111
0011111111111111111111111111111111
0001111111111111111111111111111110
0000111111111111111111111111111111
0000011111111111111111111111111111
0000001111111111111111111111111111
0000000111111111111111111111111111
0000000011111111111111111111111111
0000000001111111111111111111111111
0000000000111111111111111111111110
0000000000011111111111111111111111
0000000000001111111111111111111111
0000000000000111111111111111111111
0000000000000011111111111111111110
0000000000000001111111111111111110
0000000000000000111111111111111111
0000000000000000011111111111111111
0000000000000000001111111111111110
0000000000000000000111111111111110
0000000000000000000011111111111110
0000000000000000000001111111111110
0000000000000000000000111111111111
0000000000000000000000011111111110
0000000000000000000000001111111110
0000000000000000000000000111111111
0000000000000000000000000011111111
0000000000000000000000000001111110
0000000000000000000000000000111111
0000000000000000000000000000011111
0000000000000000000000000000001111
0000000000000000000000000000000111
0000000000000000000000000000000010
0000000000000000000000000000000000
0000000000000000000000000000000000
Case #54: POSSIBLE
01111111111111111111111111111111111111111111111111
00111111111111111111111111111111111111111111111110
00011111111111111111111111111111111111111111111110
00001111111111111111111111111111111111111111111110
00000111111111111111111111111111111111111111111110
00000011111111111111111111111111111111111111111110
00000001111111111111111111111111111111111111111110
00000000111111111111111111111111111111111111111110
00000000011111111111111111111111111111111111111110
00000000001111111111111111111111111111111111111110
00000000000111111111111111111111111111111111111110
00000000000011111111111111111111111111111111111110
00000000000001111111111111111111111111111111111110
00000000000000111111111111111111111111111111111110
00000000000000011111111111111111111111111111111110
00000000000000001111111111111111111111111111111110
00000000000000000111111111111111111111111111111110
00000000000000000011111111111111111111111111111110
00000000000000000001111111111111111111111111111110
00000000000000000000111111111111111111111111111110
00000000000000000000011111111111111111111111111110
00000000000000000000001111111111111111111111111110
00000000000000000000000111111111111111111111111110
00000000000000000000000011111111111111111111111110
00000000000000000000000001111111111111111111111110
00000000000000000000000000111111111111111111111110
00000000000000000000000000011111111111111111111110
00000000000000000000000000001111111111111111111110
00000000000000000000000000000111111111111111111110
00000000000000000000000000000011111111111111111110
00000000000000000000000000000001111111111111111110
00000000000000000000000000000000111111111111111110
00000000000000000000000000000000011111111111111110
00000000000000000000000000000000001111111111111110
00000000000000000000000000000000000111111111111110
00000000000000000000000000000000000011111111111110
00000000000000000000000000000000000001111111111110
00000000000000000000000000000000000000111111111110
00000000000000000000000000000000000000011111111110
00000000000000000000000000000000000000001111111110
00000000000000000000000000000000000000000111111110
00000000000000000000000000000000000000000011111110
00000000000000000000000000000000000000000001111110
00000000000000000000000000000000000000000000111110
00000000000000000000000000000000000000000000011110
00000000000000000000000000000000000000000000001110
00000000000000000000000000000000000000000000000110
00000000000000000000000000000000000000000000000010
00000000000000000000000000000000000000000000000000
00000000000000000000000000000000000000000000000000
Case #55: POSSIBLE
0111111111111111111111111111111111111111
0011111111111111111111111111111111111110
0001111111111111111111111111111111111111
0000111111111111111111111111111111111110
0000011111111111111111111111111111111111
0000001111111111111111111111111111111111
0000000111111111111111111111111111111111
0000000011111111111111111111111111111110
0000000001111111111111111111111111111111
0000000000111111111111111111111111111111
0000000000011111111111111111111111111111
0000000000001111111111111111111111111111
0000000000000111111111111111111111111111
0000000000000011111111111111111111111111
0000000000000001111111111111111111111111
0000000000000000111111111111111111111110
0000000000000000011111111111111111111111
0000000000000000001111111111111111111110
0000000000000000000111111111111111111111
0000000000000000000011111111111111111111
0000000000000000000001111111111111111111
0000000000000000000000111111111111111110
0000000000000000000000011111111111111110
0000000000000000000000001111111111111110
0000000000000000000000000111111111111110
0000000000000000000000000011111111111110
0000000000000000000000000001111111111111
0000000000000000000000000000111111111110
0000000000000000000000000000011111111111
0000000000000000000000000000001111111110
0000000000000000000000000000000111111111
0000000000000000000000000000000011111110
0000000000000000000000000000000001111111
0000000000000000000000000000000000111111
0000000000000000000000000000000000011110
0000000000000000000000000000000000001110
0000000000000000000000000000000000000111
0000000000000000000000000000000000000011
0000000000000000000000000000000000000001
0000000000000000000000000000000000000000
Case #56: IMPOSSIBLE
Case #57: POSSIBLE
0111111
0011110
0001110
0000111
0000010
0000000
0000000
Case #58: POSSIBLE
0111111111111111111111111111111111111111111111
0011111111111111111111111111111111111111111111
0001111111111111111111111111111111111111111110
0000111111111111111111111111111111111111111111
0000011111111111111111111111111111111111111111
0000001111111111111111111111111111111111111111
0000000111111111111111111111111111111111111110
0000000011111111111111111111111111111111111111
0000000001111111111111111111111111111111111110
0000000000111111111111111111111111111111111110
0000000000011111111111111111111111111111111111
0000000000001111111111111111111111111111111110
0000000000000111111111111111111111111111111110
0000000000000011111111111111111111111111111110
0000000000000001111111111111111111111111111111
0000000000000000111111111111111111111111111111
0000000000000000011111111111111111111111111110
0000000000000000001111111111111111111111111110
0000000000000000000111111111111111111111111110
0000000000000000000011111111111111111111111110
0000000000000000000001111111111111111111111110
0000000000000000000000111111111111111111111110
0000000000000000000000011111111111111111111111
0000000000000000000000001111111111111111111110
0000000000000000000000000111111111111111111111
0000000000000000000000000011111111111111111111
0000000000000000000000000001111111111111111111
0000000000000000000000000000111111111111111111
0000000000000000000000000000011111111111111110
0000000000000000000000000000001111111111111111
0000000000000000000000000000000111111111111111
0000000000000000000000000000000011111111111110
0000000000000000000000000000000001111111111111
0000000000000000000000000000000000111111111111
0000000000000000000000000000000000011111111111
0000000000000000000000000000000000001111111110
0000000000000000000000000000000000000111111110
0000000000000000000000000000000000000011111110
0000000000000000000000000000000000000001111111
0000000000000000000000000000000000000000111110
0000000000000000000000000000000000000000011111
0000000000000000000000000000000000000000001110
0000000000000000000000000000000000000000000110
0000000000000000000000000000000000000000000010
0000000000000000000000000000000000000000000000
0000000000000000000000000000000000000000000000
Case #59: POSSIBLE
011111111111111111111111111111111111
001111111111111111111111111111111111
000111111111111111111111111111111111
000011111111111111111111111111111110
000001111111111111111111111111111111
000000111111111111111111111111111110
000000011111111111111111111111111110
000000001111111111111111111111111111
000000000111111111111111111111111110
000000000011111111111111111111111110
000000000001111111111111111111111110
000000000000111111111111111111111111
000000000000011111111111111111111111
000000000000001111111111111111111111
000000000000000111111111111111111111
000000000000000011111111111111111111
000000000000000001111111111111111110
000000000000000000111111111111111111
000000000000000000011111111111111111
000000000000000000001111111111111111
000000000000000000000111111111111110
000000000000000000000011111111111110
000000000000000000000001111111111111
000000000000000000000000111111111110
000000000000000000000000011111111110
000000000000000000000000001111111111
000000000000000000000000000111111110
000000000000000000000000000011111110
000000000000000000000000000001111110
000000000000000000000000000000111110
000000000000000000000000000000011111
000000000000000000000000000000001111
000000000000000000000000000000000110
000000000000000000000000000000000011
000000000000000000000000000000000000
000000000000000000000000000000000000
Case #60: POSSIBLE
011111111111111111111111111111
001111111111111111111111111111
000111111111111111111111111111
000011111111111111111111111111
000001111111111111111111111110
000000111111111111111111111110
000000011111111111111111111111
000000001111111111111111111111
000000000111111111111111111110
000000000011111111111111111110
000000000001111111111111111111
000000000000111111111111111111
000000000000011111111111111111
000000000000001111111111111111
000000000000000111111111111111
000000000000000011111111111110
000000000000000001111111111110
000000000000000000111111111111
000000000000000000011111111111
000000000000000000001111111110
000000000000000000000111111111
000000000000000000000011111110
000000000000000000000001111111
000000000000000000000000111111
000000000000000000000000011110
000000000000000000000000001110
000000000000000000000000000110
000000000000000000000000000010
000000000000000000000000000001
000000000000000000000000000000
Case #61: POSSIBLE
01111111111111111111111111111111
00111111111111111111111111111110
00011111111111111111111111111110
00001111111111111111111111111111
00000111111111111111111111111110
00000011111111111111111111111110
00000001111111111111111111111110
00000000111111111111111111111111
00000000011111111111111111111110
00000000001111111111111111111110
00000000000111111111111111111110
00000000000011111111111111111110
00000000000001111111111111111111
00000000000000111111111111111111
00000000000000011111111111111110
00000000000000001111111111111110
00000000000000000111111111111110
00000000000000000011111111111110
00000000000000000001111111111110
00000000000000000000111111111111
00000000000000000000011111111110
00000000000000000000001111111111
00000000000000000000000111111110
00000000000000000000000011111111
00000000000000000000000001111111
00000000000000000000000000111111
00000000000000000000000000011111
00000000000000000000000000001110
00000000000000000000000000000110
00000000000000000000000000000011
00000000000000000000000000000000
00000000000000000000000000000000
Case #62: POSSIBLE
0111111111111111111
0011111111111111110
0001111111111111110
0000111111111111110
0000011111111111111
0000001111111111111
0000000111111111111
0000000011111111110
0000000001111111111
0000000000111111110
0000000000011111110
0000000000001111111
0000000000000111110
0000000000000011111
0000000000000001111
0000000000000000111
0000000000000000010
0000000000000000000
0000000000000000000
Case #63: POSSIBLE
0111111
0011110
0001111
0000111
0000011
0000000
0000000
Case #64: POSSIBLE
0111
0010
0001
0000
Case #65: POSSIBLE
0111111
0011110
0001110
0000110
0000011
0000001
0000000
Case #66: POSSIBLE
01111111111111111111111111111111111111111111111111
00111111111111111111111111111111111111111111111111
00011111111111111111111111111111111111111111111111
00001111111111111111111111111111111111111111111111
00000111111111111111111111111111111111111111111111
00000011111111111111111111111111111111111111111111
00000001111111111111111111111111111111111111111111
00000000111111111111111111111111111111111111111111
00000000011111111111111111111111111111111111111111
00000000001111111111111111111111111111111111111111
00000000000111111111111111111111111111111111111111
00000000000011111111111111111111111111111111111111
00000000000001111111111111111111111111111111111111
00000000000000111111111111111111111111111111111111
00000000000000011111111111111111111111111111111111
00000000000000001111111111111111111111111111111111
00000000000000000111111111111111111111111111111111
00000000000000000011111111111111111111111111111111
00000000000000000001111111111111111111111111111111
00000000000000000000111111111111111111111111111111
00000000000000000000011111111111111111111111111111
00000000000000000000001111111111111111111111111111
00000000000000000000000111111111111111111111111111
00000000000000000000000011111111111111111111111111
00000000000000000000000001111111111111111111111111
00000000000000000000000000111111111111111111111111
00000000000000000000000000011111111111111111111111
00000000000000000000000000001111111111111111111111
00000000000000000000000000000111111111111111111111
00000000000000000000000000000011111111111111111111
00000000000000000000000000000001111111111111111111
00000000000000000000000000000000111111111111111111
00000000000000000000000000000000011111111111111111
00000000000000000000000000000000001111111111111111
00000000000000000000000000000000000111111111111111
00000000000000000000000000000000000011111111111111
00000000000000000000000000000000000001111111111111
00000000000000000000000000000000000000111111111111
00000000000000000000000000000000000000011111111111
00000000000000000000000000000000000000001111111111
00000000000000000000000000000000000000000111111111
00000000000000000000000000000000000000000011111111
00000000000000000000000000000000000000000001111111
00000000000000000000000000000000000000000000111111
00000000000000000000000000000000000000000000011111
00000000000000000000000000000000000000000000001111
00000000000000000000000000000000000000000000000111
00000000000000000000000000000000000000000000000011
00000000000000000000000000000000000000000000000001
00000000000000000000000000000000000000000000000000
Case #67: IMPOSSIBLE
Case #68: POSSIBLE
0111111111111111111111111111111111111111111111111
0011111111111111111111111111111111111111111111110
0001111111111111111111111111111111111111111111111
0000111111111111111111111111111111111111111111110
0000011111111111111111111111111111111111111111111
0000001111111111111111111111111111111111111111110
0000000111111111111111111111111111111111111111111
0000000011111111111111111111111111111111111111111
0000000001111111111111111111111111111111111111110
0000000000111111111111111111111111111111111111110
0000000000011111111111111111111111111111111111110
0000000000001111111111111111111111111111111111110
0000000000000111111111111111111111111111111111110
0000000000000011111111111111111111111111111111111
0000000000000001111111111111111111111111111111110
0000000000000000111111111111111111111111111111111
0000000000000000011111111111111111111111111111110
0000000000000000001111111111111111111111111111110
0000000000000000000111111111111111111111111111111
0000000000000000000011111111111111111111111111110
0000000000000000000001111111111111111111111111110
0000000000000000000000111111111111111111111111110
0000000000000000000000011111111111111111111111110
0000000000000000000000001111111111111111111111110
0000000000000000000000000111111111111111111111110
0000000000000000000000000011111111111111111111111
0000000000000000000000000001111111111111111111110
0000000000000000000000000000111111111111111111110
0000000000000000000000000000011111111111111111111
0000000000000000000000000000001111111111111111111
0000000000000000000000000000000111111111111111111
0000000000000000000000000000000011111111111111111
0000000000000000000000000000000001111111111111110
0000000000000000000000000000000000111111111111111
0000000000000000000000000000000000011111111111111
0000000000000000000000000000000000001111111111110
0000000000000000000000000000000000000111111111111
0000000000000000000000000000000000000011111111111
0000000000000000000000000000000000000001111111110
0000000000000000000000000000000000000000111111110
0000000000000000000000000000000000000000011111111
0000000000000000000000000000000000000000001111111
0000000000000000000000000000000000000000000111110
0000000000000000000000000000000000000000000011111
0000000000000000000000000000000000000000000001110
0000000000000000000000000000000000000000000000110
0000000000000000000000000000000000000000000000010
0000000000000000000000000000000000000000000000001
0000000000000000000000000000000000000000000000000
Case #69: POSSIBLE
0111111
0011111
0001110
0000111
0000010
0000001
0000000
Case #70: POSSIBLE
01111111111111111111111111111111111111111111111111
00111111111111111111111111111111111111111111111110
00011111111111111111111111111111111111111111111111
00001111111111111111111111111111111111111111111111
00000111111111111111111111111111111111111111111111
00000011111111111111111111111111111111111111111111
00000001111111111111111111111111111111111111111111
00000000111111111111111111111111111111111111111111
00000000011111111111111111111111111111111111111111
00000000001111111111111111111111111111111111111111
00000000000111111111111111111111111111111111111111
00000000000011111111111111111111111111111111111111
00000000000001111111111111111111111111111111111111
00000000000000111111111111111111111111111111111111
00000000000000011111111111111111111111111111111111
00000000000000001111111111111111111111111111111111
00000000000000000111111111111111111111111111111111
00000000000000000011111111111111111111111111111111
00000000000000000001111111111111111111111111111111
00000000000000000000111111111111111111111111111111
00000000000000000000011111111111111111111111111111
00000000000000000000001111111111111111111111111111
00000000000000000000000111111111111111111111111111
00000000000000000000000011111111111111111111111111
00000000000000000000000001111111111111111111111111
00000000000000000000000000111111111111111111111111
00000000000000000000000000011111111111111111111111
00000000000000000000000000001111111111111111111111
00000000000000000000000000000111111111111111111111
00000000000000000000000000000011111111111111111111
00000000000000000000000000000001111111111111111111
00000000000000000000000000000000111111111111111111
00000000000000000000000000000000011111111111111111
00000000000000000000000000000000001111111111111111
00000000000000000000000000000000000111111111111111
00000000000000000000000000000000000011111111111111
00000000000000000000000000000000000001111111111111
00000000000000000000000000000000000000111111111111
00000000000000000000000000000000000000011111111111
00000000000000000000000000000000000000001111111111
00000000000000000000000000000000000000000111111111
00000000000000000000000000000000000000000011111111
00000000000000000000000000000000000000000001111111
00000000000000000000000000000000000000000000111111
00000000000000000000000000000000000000000000011111
00000000000000000000000000000000000000000000001111
00000000000000000000000000000000000000000000000111
00000000000000000000000000000000000000000000000011
00000000000000000000000000000000000000000000000001
00000000000000000000000000000000000000000000000000
Case #71: POSSIBLE
0111111111111111111111111111111111111111111111111
0011111111111111111111111111111111111111111111111
0001111111111111111111111111111111111111111111111
0000111111111111111111111111111111111111111111111
0000011111111111111111111111111111111111111111111
0000001111111111111111111111111111111111111111111
0000000111111111111111111111111111111111111111111
0000000011111111111111111111111111111111111111111
0000000001111111111111111111111111111111111111111
0000000000111111111111111111111111111111111111111
0000000000011111111111111111111111111111111111111
0000000000001111111111111111111111111111111111111
0000000000000111111111111111111111111111111111111
0000000000000011111111111111111111111111111111111
0000000000000001111111111111111111111111111111111
0000000000000000111111111111111111111111111111111
0000000000000000011111111111111111111111111111111
0000000000000000001111111111111111111111111111111
0000000000000000000111111111111111111111111111111
0000000000000000000011111111111111111111111111111
0000000000000000000001111111111111111111111111111
0000000000000000000000111111111111111111111111111
0000000000000000000000011111111111111111111111111
0000000000000000000000001111111111111111111111111
0000000000000000000000000111111111111111111111111
0000000000000000000000000011111111111111111111111
0000000000000000000000000001111111111111111111111
0000000000000000000000000000111111111111111111111
0000000000000000000000000000011111111111111111111
0000000000000000000000000000001111111111111111111
0000000000000000000000000000000111111111111111111
0000000000000000000000000000000011111111111111111
0000000000000000000000000000000001111111111111111
0000000000000000000000000000000000111111111111111
0000000000000000000000000000000000011111111111111
0000000000000000000000000000000000001111111111111
0000000000000000000000000000000000000111111111111
0000000000000000000000000000000000000011111111111
0000000000000000000000000000000000000001111111111
0000000000000000000000000000000000000000111111111
0000000000000000000000000000000000000000011111111
0000000000000000000000000000000000000000001111111
0000000000000000000000000000000000000000000111111
0000000000000000000000000000000000000000000011111
0000000000000000000000000000000000000000000001111
0000000000000000000000000000000000000000000000111
0000000000000000000000000000000000000000000000011
0000000000000000000000000000000000000000000000001
0000000000000000000000000000000000000000000000000
Case #72: POSSIBLE
0111111111111111111111111111111
0011111111111111111111111111110
0001111111111111111111111111111
0000111111111111111111111111111
0000011111111111111111111111110
0000001111111111111111111111110
0000000111111111111111111111111
0000000011111111111111111111110
0000000001111111111111111111110
0000000000111111111111111111111
0000000000011111111111111111110
0000000000001111111111111111110
0000000000000111111111111111111
0000000000000011111111111111111
0000000000000001111111111111110
0000000000000000111111111111110
0000000000000000011111111111111
0000000000000000001111111111111
0000000000000000000111111111111
0000000000000000000011111111110
0000000000000000000001111111110
0000000000000000000000111111111
0000000000000000000000011111111
0000000000000000000000001111110
0000000000000000000000000111110
0000000000000000000000000011111
0000000000000000000000000001111
0000000000000000000000000000111
0000000000000000000000000000010
0000000000000000000000000000000
0000000000000000000000000000000
Case #73: POSSIBLE
0111111
0011111
0001110
0000111
0000011
0000001
0000000
Case #74: POSSIBLE
0111111
0011111
0001111
0000110
0000010
0000001
0000000
Case #75: POSSIBLE
011111111111111111
001111111111111111
000111111111111110
000011111111111111
000001111111111111
000000111111111110
000000011111111111
000000001111111110
000000000111111110
000000000011111111
000000000001111111
000000000000111111
000000000000011110
000000000000001110
000000000000000111
000000000000000010
000000000000000001
000000000000000000
Case #76: POSSIBLE
01111111111111111111111111111111111111111111111111
00111111111111111111111111111111111111111111111111
00011111111111111111111111111111111111111111111111
00001111111111111111111111111111111111111111111111
00000111111111111111111111111111111111111111111111
00000011111111111111111111111111111111111111111111
00000001111111111111111111111111111111111111111111
00000000111111111111111111111111111111111111111111
00000000011111111111111111111111111111111111111111
00000000001111111111111111111111111111111111111111
00000000000111111111111111111111111111111111111111
00000000000011111111111111111111111111111111111111
00000000000001111111111111111111111111111111111111
00000000000000111111111111111111111111111111111111
00000000000000011111111111111111111111111111111111
00000000000000001111111111111111111111111111111111
00000000000000000111111111111111111111111111111111
00000000000000000011111111111111111111111111111111
00000000000000000001111111111111111111111111111111
00000000000000000000111111111111111111111111111111
00000000000000000000011111111111111111111111111111
00000000000000000000001111111111111111111111111111
00000000000000000000000111111111111111111111111111
00000000000000000000000011111111111111111111111111
00000000000000000000000001111111111111111111111111
00000000000000000000000000111111111111111111111111
00000000000000000000000000011111111111111111111111
00000000000000000000000000001111111111111111111111
00000000000000000000000000000111111111111111111111
00000000000000000000000000000011111111111111111111
00000000000000000000000000000001111111111111111111
00000000000000000000000000000000111111111111111111
00000000000000000000000000000000011111111111111111
00000000000000000000000000000000001111111111111111
00000000000000000000000000000000000111111111111111
00000000000000000000000000000000000011111111111111
00000000000000000000000000000000000001111111111111
00000000000000000000000000000000000000111111111111
00000000000000000000000000000000000000011111111111
00000000000000000000000000000000000000001111111111
00000000000000000000000000000000000000000111111111
00000000000000000000000000000000000000000011111111
00000000000000000000000000000000000000000001111111
00000000000000000000000000000000000000000000111111
00000000000000000000000000000000000000000000011111
00000000000000000000000000000000000000000000001111
00000000000000000000000000000000000000000000000110
00000000000000000000000000000000000000000000000011
00000000000000000000000000000000000000000000000000
00000000000000000000000000000000000000000000000000
Case #77: POSSIBLE
0111111
0011110
0001110
0000110
0000010
0000001
0000000
Case #78: POSSIBLE
01111111111111
00111111111111
00011111111111
00001111111111
00000111111110
00000011111110
00000001111110
00000000111111
00000000011111
00000000001110
00000000000110
00000000000010
00000000000001
00000000000000
Case #79: IMPOSSIBLE
Case #80: IMPOSSIBLE
Case #81: POSSIBLE
0111111
0011111
0001111
0000111
0000010
0000001
0000000
Case #82: POSSIBLE
01111111111111111111111111111111111111111111111
00111111111111111111111111111111111111111111111
00011111111111111111111111111111111111111111110
00001111111111111111111111111111111111111111111
00000111111111111111111111111111111111111111111
00000011111111111111111111111111111111111111110
00000001111111111111111111111111111111111111111
00000000111111111111111111111111111111111111111
00000000011111111111111111111111111111111111111
00000000001111111111111111111111111111111111110
00000000000111111111111111111111111111111111111
00000000000011111111111111111111111111111111110
00000000000001111111111111111111111111111111110
00000000000000111111111111111111111111111111111
00000000000000011111111111111111111111111111111
00000000000000001111111111111111111111111111110
00000000000000000111111111111111111111111111111
00000000000000000011111111111111111111111111110
00000000000000000001111111111111111111111111110
00000000000000000000111111111111111111111111111
00000000000000000000011111111111111111111111111
00000000000000000000001111111111111111111111110
00000000000000000000000111111111111111111111110
00000000000000000000000011111111111111111111110
00000000000000000000000001111111111111111111111
00000000000000000000000000111111111111111111111
00000000000000000000000000011111111111111111111
00000000000000000000000000001111111111111111111
00000000000000000000000000000111111111111111111
00000000000000000000000000000011111111111111110
00000000000000000000000000000001111111111111110
00000000000000000000000000000000111111111111110
00000000000000000000000000000000011111111111110
00000000000000000000000000000000001111111111110
00000000000000000000000000000000000111111111111
00000000000000000000000000000000000011111111110
00000000000000000000000000000000000001111111111
00000000000000000000000000000000000000111111110
00000000000000000000000000000000000000011111111
00000000000000000000000000000000000000001111111
00000000000000000000000000000000000000000111110
00000000000000000000000000000000000000000011111
00000000000000000000000000000000000000000001110
00000000000000000000000000000000000000000000110
00000000000000000000000000000000000000000000010
00000000000000000000000000000000000000000000001
00000000000000000000000000000000000000000000000
Case #83: POSSIBLE
0111111
0011111
0001110
0000110
0000010
0000000
0000000
Case #84: POSSIBLE
0111111
0011111
0001110
0000111
0000010
0000000
0000000
Case #85: POSSIBLE
01111111111
00111111111
00011111110
00001111110
00000111111
00000011110
00000001110
00000000110
00000000011
00000000000
00000000000
Case #86: POSSIBLE
011111111111111111111111111
001111111111111111111111110
000111111111111111111111110
000011111111111111111111110
000001111111111111111111110
000000111111111111111111111
000000011111111111111111111
000000001111111111111111110
000000000111111111111111110
000000000011111111111111111
000000000001111111111111111
000000000000111111111111111
000000000000011111111111111
000000000000001111111111111
000000000000000111111111110
000000000000000011111111111
000000000000000001111111111
000000000000000000111111110
000000000000000000011111110
000000000000000000001111110
000000000000000000000111110
000000000000000000000011111
000000000000000000000001110
000000000000000000000000111
000000000000000000000000010
000000000000000000000000000
000000000000000000000000000
Case #87: IMPOSSIBLE
Case #88: POSSIBLE
01111111111111
00111111111111
00011111111110
00001111111110
00000111111111
00000011111111
00000001111110
00000000111110
00000000011111
00000000001111
00000000000111
00000000000010
00000000000000
00000000000000
Case #89: POSSIBLE
0111111
0011110
0001110
0000111
0000011
0000000
0000000
Case #90: IMPOSSIBLE
Case #91: POSSIBLE
0111111111111111111111111111111111111111111111111
0011111111111111111111111111111111111111111111111
0001111111111111111111111111111111111111111111111
0000111111111111111111111111111111111111111111110
0000011111111111111111111111111111111111111111110
0000001111111111111111111111111111111111111111110
0000000111111111111111111111111111111111111111111
0000000011111111111111111111111111111111111111111
0000000001111111111111111111111111111111111111110
0000000000111111111111111111111111111111111111111
0000000000011111111111111111111111111111111111111
0000000000001111111111111111111111111111111111111
0000000000000111111111111111111111111111111111110
0000000000000011111111111111111111111111111111111
0000000000000001111111111111111111111111111111111
0000000000000000111111111111111111111111111111110
0000000000000000011111111111111111111111111111110
0000000000000000001111111111111111111111111111111
0000000000000000000111111111111111111111111111111
0000000000000000000011111111111111111111111111111
0000000000000000000001111111111111111111111111111
0000000000000000000000111111111111111111111111110
0000000000000000000000011111111111111111111111111
0000000000000000000000001111111111111111111111111
0000000000000000000000000111111111111111111111111
0000000000000000000000000011111111111111111111111
0000000000000000000000000001111111111111111111111
0000000000000000000000000000111111111111111111110
0000000000000000000000000000011111111111111111111
0000000000000000000000000000001111111111111111110
0000000000000000000000000000000111111111111111111
0000000000000000000000000000000011111111111111110
0000000000000000000000000000000001111111111111111
0000000000000000000000000000000000111111111111110
0000000000000000000000000000000000011111111111110
0000000000000000000000000000000000001111111111111
0000000000000000000000000000000000000111111111110
0000000000000000000000000000000000000011111111110
0000000000000000000000000000000000000001111111111
0000000000000000000000000000000000000000111111110
0000000000000000000000000000000000000000011111110
0000000000000000000000000000000000000000001111111
0000000000000000000000000000000000000000000111111
0000000000000000000000000000000000000000000011111
0000000000000000000000000000000000000000000001110
0000000000000000000000000000000000000000000000111
0000000000000000000000000000000000000000000000010
0000000000000000000000000000000000000000000000000
0000000000000000000000000000000000000000000000000
Case #92: POSSIBLE
0111111
0011111
0001110
0000111
0000011
0000000
0000000
Case #93: POSSIBLE
0111111
0011110
0001111
0000111
0000010
0000000
0000000
Case #94: POSSIBLE
01111111111111111111111111111111111111111111111
00111111111111111111111111111111111111111111110
00011111111111111111111111111111111111111111111
00001111111111111111111111111111111111111111111
00000111111111111111111111111111111111111111110
00000011111111111111111111111111111111111111111
00000001111111111111111111111111111111111111110
00000000111111111111111111111111111111111111111
00000000011111111111111111111111111111111111110
00000000001111111111111111111111111111111111110
00000000000111111111111111111111111111111111110
00000000000011111111111111111111111111111111111
00000000000001111111111111111111111111111111110
00000000000000111111111111111111111111111111110
00000000000000011111111111111111111111111111110
00000000000000001111111111111111111111111111110
00000000000000000111111111111111111111111111111
00000000000000000011111111111111111111111111110
00000000000000000001111111111111111111111111111
00000000000000000000111111111111111111111111110
00000000000000000000011111111111111111111111111
00000000000000000000001111111111111111111111110
00000000000000000000000111111111111111111111110
00000000000000000000000011111111111111111111111
00000000000000000000000001111111111111111111111
00000000000000000000000000111111111111111111110
00000000000000000000000000011111111111111111110
00000000000000000000000000001111111111111111110
00000000000000000000000000000111111111111111110
00000000000000000000000000000011111111111111111
00000000000000000000000000000001111111111111110
00000000000000000000000000000000111111111111110
00000000000000000000000000000000011111111111111
00000000000000000000000000000000001111111111110
00000000000000000000000000000000000111111111111
00000000000000000000000000000000000011111111111
00000000000000000000000000000000000001111111111
00000000000000000000000000000000000000111111110
00000000000000000000000000000000000000011111111
00000000000000000000000000000000000000001111111
00000000000000000000000000000000000000000111110
00000000000000000000000000000000000000000011111
00000000000000000000000000000000000000000001110
00000000000000000000000000000000000000000000111
00000000000000000000000000000000000000000000010
00000000000000000000000000000000000000000000001
00000000000000000000000000000000000000000000000
Case #95: POSSIBLE
01111111
00111110
00011110
00001110
00000111
00000011
00000001
00000000
Case #96: POSSIBLE
011111111111111111111111111111
001111111111111111111111111110
000111111111111111111111111110
000011111111111111111111111110
000001111111111111111111111110
000000111111111111111111111111
000000011111111111111111111110
000000001111111111111111111111
000000000111111111111111111110
000000000011111111111111111111
000000000001111111111111111110
000000000000111111111111111111
000000000000011111111111111110
000000000000001111111111111111
000000000000000111111111111111
000000000000000011111111111110
000000000000000001111111111111
000000000000000000111111111111
000000000000000000011111111111
000000000000000000001111111110
000000000000000000000111111111
000000000000000000000011111110
000000000000000000000001111111
000000000000000000000000111111
000000000000000000000000011110
000000000000000000000000001110
000000000000000000000000000110
000000000000000000000000000011
000000000000000000000000000001
000000000000000000000000000000
Case #97: POSSIBLE
0111111
0011110
0001110
0000111
0000011
0000001
0000000
Case #98: POSSIBLE
0111111
0011110
0001111
0000110
0000011
0000001
0000000
Case #99: POSSIBLE
0111111
0011111
0001110
0000110
0000010
0000001
0000000
Case #100: IMPOSSIBLE
