1000
52 27 39
90 78 19
20 11 46
82 56 91
90 69 64
27 63 72
57 64 92
97 81 53
43 24 79
54 98 4
19 32 19
21 66 14
39 62 18
26 4 85
24 84 57
8 67 44
77 88 1
90 14 81
4 62 87
5 5 86
11 97 8
34 92 69
35 99 22
91 88 3
69 74 98
87 20 40
100 33 89
71 28 4
23 65 87
76 10 62
81 38 43
85 74 65
55 84 13
16 81 32
10 87 38
51 34 61
91 48 60
9 100 8
6 74 68
26 57 61
81 64 70
53 6 61
96 100 18
89 99 82
13 64 42
95 22 15
62 67 78
57 61 15
79 48 76
45 12 15
80 74 70
8 87 8
12 65 66
83 77 98
40 9 35
54 18 72
20 41 6
16 58 27
54 73 68
39 5 87
4 38 5
78 13 34
97 96 54
50 22 86
90 77 46
79 31 94
86 92 88
20 73 83
89 84 47
17 55 29
54 53 91
22 14 70
74 24 4
85 2 99
68 6 13
39 94 64
8 92 17
0 53 42
12 98 95
82 2 69
23 35 44
90 98 72
7 29 92
100 45 18
87 21 91
22 61 99
36 41 40
49 48 55
1 81 66
92 7 98
20 46 63
18 22 25
5 74 9
13 98 74
100 98 41
1 12 64
32 47 87
100 91 95
21 53 4
39 39 55
21 57 20
84 5 4
13 78 5
44 26 6
84 75 56
85 96 27
46 60 37
79 8 72
53 66 72
53 90 67
2 57 53
37 59 59
91 65 22
52 36 12
59 78 24
60 29 94
21 61 42
0 39 48
22 84 76
93 81 97
46 26 68
17 52 13
14 59 83
35 55 45
61 6 25
94 75 65
35 64 17
61 9 64
53 70 66
10 36 76
97 69 86
99 10 38
22 15 99
93 28 75
73 44 1
99 77 4
93 61 47
72 21 28
53 48 96
94 6 97
88 45 37
52 60 75
54 83 44
53 52 65
57 41 42
13 55 55
90 63 36
100 97 2
93 68 55
35 97 48
45 83 96
35 73 75
17 79 13
75 91 13
19 25 7
77 21 90
54 47 14
41 48 10
37 29 63
71 83 38
73 29 39
1 42 57
46 18 82
18 75 3
15 48 19
15 40 98
88 93 40
20 71 63
55 99 81
3 66 73
56 65 95
4 57 29
76 9 32
81 14 29
51 22 21
31 90 6
57 71 100
87 93 35
98 6 75
18 56 55
25 23 43
55 3 20
77 28 9
32 94 82
66 68 37
32 10 75
73 35 23
73 5 80
10 19 4
77 75 53
70 100 38
21 99 3
11 99 88
40 58 61
51 57 31
98 69 74
51 9 46
69 82 83
45 24 7
47 71 80
24 26 19
42 93 63
16 66 96
92 82 14
50 20 90
79 4 33
7 21 17
15 72 4
18 75 8
35 72 76
95 62 96
56 83 72
23 34 79
65 48 46
28 1 34
33 56 65
23 66 83
30 86 56
57 52 31
83 88 33
36 98 27
84 48 1
6 37 12
37 17 62
5 47 9
10 55 4
93 79 38
13 62 69
35 62 33
48 46 58
70 87 37
63 38 11
60 100 78
35 57 4
61 11 30
54 7 5
59 30 79
38 2 57
64 16 62
89 21 73
98 28 93
28 95 81
67 48 15
9 67 98
100 89 76
46 13 17
35 22 38
75 56 53
77 89 85
97 18 34
82 87 30
20 39 43
67 68 52
42 35 78
67 23 25
91 47 20
58 36 22
55 98 32
55 32 37
14 30 25
68 45 5
39 68 98
0 57 27
60 68 69
74 32 14
100 54 94
5 34 58
0 99 43
47 88 70
33 60 68
37 56 98
31 32 20
47 68 48
20 2 14
23 89 93
46 25 23
98 41 60
23 79 47
16 20 69
50 42 68
95 85 18
23 5 33
74 76 22
68 94 26
59 96 91
19 41 36
78 3 72
38 36 53
60 34 72
51 16 84
84 90 42
77 97 48
94 30 5
39 85 37
8 88 1
100 89 79
45 19 56
99 95 91
37 26 33
86 89 75
7 79 5
25 47 39
76 85 40
71 35 27
9 3 8
55 82 21
17 37 79
6 23 99
82 65 54
21 1 14
93 24 72
31 9 97
17 36 76
19 7 99
79 70 92
50 95 41
13 28 46
64 38 29
52 68 11
47 25 9
23 1 19
87 47 83
1 87 71
42 67 14
27 65 77
77 46 25
40 87 59
35 45 55
80 94 17
56 56 52
33 35 34
82 55 91
96 67 6
67 56 15
55 55 17
64 82 82
20 18 1
82 42 37
88 58 41
80 60 28
100 17 30
91 96 80
46 100 56
38 31 43
41 87 80
94 7 87
52 96 17
14 58 26
25 18 17
2 35 88
7 84 22
0 71 40
99 61 22
38 73 58
75 93 5
16 86 46
78 21 43
85 93 63
93 73 87
76 7 28
24 60 67
41 97 68
86 15 32
77 65 16
73 93 3
7 52 33
2 64 93
67 45 84
86 75 33
42 7 15
17 17 24
100 91 42
51 52 94
54 99 95
29 36 86
64 85 30
58 16 65
100 66 7
43 41 16
31 83 25
38 13 28
15 73 20
9 72 95
13 9 61
71 75 25
43 19 26
33 36 11
37 13 100
17 75 28
71 87 7
30 74 67
3 40 45
75 9 23
71 86 34
19 77 72
35 68 35
70 25 2
40 29 7
81 88 84
88 7 40
86 54 55
23 7 3
3 96 47
27 97 67
28 11 21
58 63 62
89 11 13
60 98 27
3 8 88
38 27 52
23 24 41
54 72 3
19 32 69
26 7 46
78 12 41
4 17 11
49 47 74
100 31 47
94 41 86
75 18 15
95 52 21
34 64 3
19 90 69
49 43 41
85 7 21
82 20 52
32 43 54
91 61 19
84 1 80
65 83 43
66 16 67
16 81 80
50 65 61
28 75 45
1 97 39
3 19 75
50 69 97
67 73 45
63 93 100
70 93 6
96 46 9
45 61 96
13 17 1
18 28 91
12 83 57
17 32 44
40 31 94
63 75 34
20 94 40
29 23 13
13 46 10
5 4 81
85 84 21
99 70 86
0 65 91
77 31 9
51 7 31
58 18 38
0 34 29
32 81 7
48 48 69
14 65 87
31 20 6
47 27 8
38 91 22
68 88 23
52 29 5
30 29 57
38 4 1
78 53 78
98 55 70
52 27 3
49 78 52
41 85 26
75 18 61
24 57 9
79 87 63
71 75 75
100 9 27
62 17 11
37 54 52
16 43 68
23 74 80
7 13 96
54 36 40
0 42 24
37 77 96
67 7 97
30 60 84
33 34 86
58 85 42
56 92 59
72 17 12
20 98 70
47 66 45
36 17 39
73 66 59
62 46 1
9 76 39
7 68 97
80 70 89
19 77 96
100 47 93
86 41 9
93 6 84
84 18 41
7 38 80
10 34 82
3 82 67
65 70 12
60 57 42
59 75 32
59 30 95
38 4 40
43 30 26
98 38 32
60 86 100
70 67 75
66 25 14
100 84 31
48 69 67
95 61 13
14 12 58
62 44 84
88 64 68
66 30 100
80 22 42
7 34 65
53 76 77
86 22 44
54 84 77
82 94 57
52 23 15
54 28 35
12 88 91
50 27 13
82 32 14
38 18 74
16 93 89
47 85 3
100 6 31
54 70 59
46 54 18
91 41 56
25 55 35
42 4 54
75 55 81
16 15 64
31 43 35
90 67 82
36 93 63
36 22 35
57 76 73
49 37 81
100 1 1
96 23 25
55 77 36
52 91 16
21 89 97
22 28 37
35 35 60
100 76 79
100 31 11
25 24 95
22 41 17
2 67 55
85 16 71
17 78 67
77 18 99
90 76 61
75 40 70
69 11 77
55 48 15
14 46 40
85 85 34
11 5 82
2 36 39
33 39 73
32 15 55
42 73 40
36 67 58
93 62 100
13 35 36
76 45 72
21 60 67
11 73 54
9 67 78
15 29 66
87 12 14
7 56 41
81 16 88
63 97 5
10 22 75
8 61 41
60 2 68
32 98 7
44 5 97
10 33 21
81 30 41
46 38 10
25 68 86
77 83 58
51 61 95
77 83 32
91 35 47
49 79 11
67 45 63
5 77 3
12 3 26
91 77 4
0 32 79
57 98 14
27 81 7
70 59 36
52 71 98
38 13 25
71 59 9
95 53 33
16 53 10
97 44 60
42 63 85
63 39 40
18 57 73
4 25 17
96 28 17
90 48 65
24 8 15
54 84 33
97 61 94
17 8 18
29 37 5
38 18 100
64 88 26
32 68 96
97 24 78
14 10 10
69 3 81
78 12 26
25 65 34
17 2 33
21 88 44
39 72 57
65 34 26
73 67 79
42 93 80
46 74 16
41 85 37
34 26 6
74 83 52
67 12 75
6 36 66
27 39 58
90 70 34
46 13 25
12 71 89
94 30 67
68 23 60
98 80 87
91 59 33
12 39 71
95 20 58
28 9 52
90 58 66
83 41 63
97 10 91
0 55 55
2 32 95
79 37 2
67 19 16
28 12 87
76 82 99
56 57 34
33 69 55
84 98 25
76 27 10
25 43 2
34 59 57
19 13 36
33 55 85
11 99 92
37 87 8
69 44 38
77 41 62
23 7 39
59 46 2
41 62 75
34 72 48
60 24 94
95 85 81
48 64 69
66 19 66
98 13 29
17 24 45
17 89 70
66 43 12
21 17 22
100 61 33
2 9 3
62 59 95
67 43 16
4 47 1
45 58 33
2 1 3
25 60 20
44 31 91
95 82 27
70 35 42
46 4 73
57 59 38
79 20 6
6 53 79
26 92 27
27 69 53
54 28 31
98 31 67
91 86 32
81 69 83
4 92 13
52 10 20
45 38 11
21 81 30
14 36 81
4 64 27
32 46 61
16 46 80
85 55 91
72 98 89
7 72 10
83 12 56
56 43 8
75 69 6
4 99 34
21 80 63
90 72 20
2 47 93
83 56 97
79 29 41
29 94 95
79 67 41
82 47 30
30 61 23
100 35 40
86 7 52
81 45 30
60 81 24
74 29 63
53 100 79
97 87 65
6 90 18
1 69 27
94 54 91
65 77 89
29 71 99
100 37 76
99 8 69
57 66 7
23 100 5
34 92 25
0 15 62
66 69 9
80 46 30
44 71 96
83 81 21
85 85 71
1 54 73
2 48 25
73 81 29
84 79 48
70 70 72
84 79 77
81 79 13
75 33 74
49 11 58
95 11 94
100 60 84
30 83 16
56 35 42
29 25 59
70 44 46
39 12 84
22 95 30
25 61 69
87 63 13
28 53 36
33 17 14
15 12 1
99 97 98
7 54 41
51 46 69
71 81 41
39 5 38
25 25 97
63 74 95
4 78 15
74 32 16
50 58 100
39 62 19
96 46 59
42 33 100
19 61 77
41 20 71
2 96 76
44 4 23
92 67 54
80 80 99
98 57 37
45 58 69
83 21 71
20 24 95
42 58 87
56 44 57
10 22 55
26 54 1
98 87 25
75 79 54
6 27 73
28 89 30
32 96 39
11 72 92
22 42 25
13 66 1
51 72 5
16 35 59
41 9 44
85 13 84
36 42 44
65 91 93
52 37 89
61 53 3
38 92 85
13 64 55
39 68 89
27 56 28
98 85 64
87 37 94
33 70 76
56 30 6
22 20 89
62 46 8
46 71 15
82 35 76
55 71 46
89 80 48
10 33 56
55 37 9
65 39 45
66 92 12
25 76 48
30 5 55
55 47 53
37 73 10
81 38 96
95 88 7
6 54 76
5 100 52
64 81 11
83 53 23
92 10 71
51 82 15
86 67 92
1 22 6
2 86 38
22 88 73
37 24 17
96 31 25
34 44 71
59 98 12
4 42 74
48 62 3
75 2 67
67 53 15
24 100 35
22 45 39
95 92 84
92 80 87
88 5 55
76 87 22
2 98 62
16 12 2
43 47 33
55 36 81
7 13 7
41 97 37
58 86 97
67 54 42
0 89 69
47 32 85
18 69 54
11 60 98
17 53 33
20 56 46
8 47 90
4 80 61
89 8 11
19 87 86
83 45 78
12 25 45
74 35 78
28 81 52
20 46 23
90 22 23
95 11 94
72 40 83
58 58 81
64 20 30
25 54 15
73 9 85
31 30 58
74 35 91
2 77 57
76 58 19
91 9 77
30 9 85
4 1 83
54 31 99
46 100 80
62 90 75
90 37 82
91 77 63
5 20 37
82 89 7
95 23 15
91 25 16
90 24 63
2 76 15
92 40 17
13 63 44
79 26 26
74 98 45
66 20 11
28 100 1
78 31 43
0 27 62
78 56 13
30 25 5
43 81 99
8 61 3
50 96 59
100 23 20
78 23 25
82 77 39
80 33 25
80 53 38
19 80 12
63 18 95
11 45 87
55 83 24
32 38 20
72 53 57
67 94 53
61 55 7
67 58 20
94 24 53
7 25 48
1 7 59
27 6 1
30 41 28
30 64 33
47 8 15
25 40 82
29 21 89
30 65 81
87 57 12
32 67 10
5 47 66
57 58 89
99 99 99
71 8 8
73 7 6
12 55 55
12 72 15
96 23 79
10 33 33
0 10 42
8 90 85
97 44 64
0 20 25
54 86 32
62 17 79
4 11 83
1 23 57
75 23 60
89 37 94
52 56 84
100 84 72
10 9 17
41 32 82
89 74 71
63 73 6
95 44 79
56 87 92
77 76 20
42 8 52
79 40 83
17 63 22
44 60 67
57 92 78
65 89 98
92 55 47
75 36 52
