100
2 1
100 20
200 10
2 2
100 20
200 10
3 2
100 10
100 10
100 10
4 2
9 3
7 1
10 1
8 4
7 4
313896 51471
703437 22968
368467 43848
65016 248501
33497 482328
99876 161766
160776 100491
6 1
21864 2254
216147 35
21921 2629
21774 2459
27014 2747
223134 52
6 1
147436 262775
337487 114797
401589 96473
60384 641602
604228 64119
913049 42432
9 5
89397 163096
104139 140008
19092 763686
68904 211603
104748 139194
308826 47212
59598 244644
835164 17458
254562 57276
3 1
28332 2340
205193 6
21013 2774
3 2
220590 255557
551679 102185
874778 64443
10 6
740718 26404
470844 41538
681912 28681
357588 54694
118818 164604
261096 74907
41492 471366
54694 357588
946473 20664
21252 920286
7 3
939817 305470
53844 743282
777466 844943
433174 721969
342269 885383
924167 82009
462969 699922
4 3
14084 57
3766 373251
3293 384492
3793 342920
7 5
173713 434376
304125 248111
206868 364758
208059 362670
420557 179421
396742 190191
109572 688650
5 1
28046 2932
270768 21
25156 2722
231426 72
22943 2405
10 6
411646 111865
81028 568307
185056 248837
618287 74478
437489 105257
60979 755158
881924 52214
265593 173381
208856 220481
623435 73863
5 1
29871 2836
25874 2682
290752 45
296822 5
27687 2065
10 4
564107 600658
923482 634372
936129 681794
151165 346299
675438 534171
774938 867935
981633 44547
2618 766695
179243 419043
80970 754153
10 7
429987 589856
825615 702799
30693 189782
404333 256388
200770 642139
217660 160193
919234 190506
267779 954588
113989 389718
30830 3907
5 3
515722 105879
599650 91060
194128 281279
68714 794658
217516 251035
5 2
593247 309159
312497 607504
229532 802276
89916 32238
193190 603329
3 2
3709 399056
3896 377938
14435 57
4 3
3063 361779
3555 300496
15080 52
3561 357249
2 1
938440 319691
321601 993504
9 6
3888 307035
18843 100
3279 353636
3601 333966
3892 310351
16439 61
3147 344958
3574 351902
3544 320749
9 2
21262 2017
28290 2239
243310 48
28408 2438
25026 2020
23161 2468
20653 2391
255704 56
24598 2571
9 4
236534 74
26868 2268
276637 89
28805 2838
28465 2059
26207 2779
24469 2456
24359 2756
23941 2670
6 1
25413 2742
258079 59
28013 2497
214700 75
27593 2721
25944 2483
9 5
61671 630958
172305 225831
265831 146378
210416 184928
723806 53760
265548 146534
318284 122255
306890 126794
779499 49919
3 1
23556 2913
284231 13
29829 2273
10 10
1000000 1000000
1000000 1000000
1000000 1000000
1000000 1000000
1000000 1000000
1000000 1000000
1000000 1000000
1000000 1000000
1000000 1000000
1000000 1000000
7 5
27902 2894
28532 2142
24298 2609
26887 2889
282256 34
28810 2471
228032 24
5 3
293642 307597
252667 357480
415051 217620
422141 213965
235747 383137
4 3
10098 526148
107844 49266
106812 49742
24472 217107
5 3
165721 111884
188279 98479
247951 74779
97967 189263
129321 143376
8 2
26902 2799
28461 2492
22321 2075
29302 2236
226645 18
26774 2327
234144 71
23993 2886
4 3
3955 340401
3957 367735
3129 384777
10790 59
6 4
971501 290451
134518 181693
950117 163517
573625 379577
151318 30030
48858 863960
4 3
417738 92897
398282 97435
112006 346469
553242 70144
4 1
14405 5
3793 366573
3967 369834
3597 356854
3 1
3017 305715
17335 69
3977 353899
9 5
53751 628488
676476 49938
38019 888552
486588 69426
43624 774387
984492 34314
715778 47196
973176 34713
263074 128412
7 3
105239 515396
549041 98790
70956 764414
167508 323804
988568 54867
599858 90421
426789 127088
4 1
752362 831388
700993 361746
847070 692596
619661 727373
3 1
14314 88
3853 389740
3247 314576
7 4
678249 3864
4968 527527
30888 84847
478764 5474
31372 83538
109089 24024
45747 57288
1 1
1 1
10 6
3263 301900
3757 375561
3230 368076
3277 388770
3489 349249
14090 62
3174 343082
11810 89
18262 1
3131 339736
6 2
87111 260935
321918 70609
95684 237556
490152 46374
600156 37874
28512 797219
8 3
28840 742636
679257 796243
338968 184731
394151 522544
9999 666270
932942 635314
421325 912552
285722 151459
2 1
16425 41
3032 322101
6 3
3098 369247
3858 367537
3652 393747
15086 48
16301 60
3849 311557
2 1
498190 55138
173693 158148
6 1
25080 2535
294235 48
20108 2301
228510 79
22184 2444
22664 2613
9 5
59052 695826
61938 663404
205884 199578
115884 354578
98952 415251
531867 77256
202797 202616
208278 197284
269352 152551
3 1
3806 351773
19258 3
3262 377388
6 4
26404 441558
65416 178227
14637 796536
670514 17388
640458 18204
541569 21528
6 4
299124 205863
567916 108429
400816 153633
339033 181630
153293 401705
373831 164723
4 3
302634 127428
67896 567987
191142 201756
343656 112217
6 4
64449 65416
226083 18648
25704 164021
93093 45288
719576 5859
136493 30888
8 5
544289 42937
673103 34720
83033 281456
198751 117585
214657 108872
38998 599265
691097 33816
673103 34720
2 2
52808 898101
712908 66526
8 6
3213 322623
17155 30
3679 391558
3914 326785
3118 310004
15263 78
3084 356085
3596 350439
6 4
281952 93
29450 2800
27927 2913
22237 2172
271409 20
24188 2973
7 3
172926 948263
435032 204131
911090 904618
528610 785451
706475 617326
88562 997075
695442 469224
2 1
10419 46
3429 369362
7 3
430610 616291
90546 357214
375775 277802
891137 369991
689410 813340
750293 844016
925583 547482
3 2
102168 79373
27692 292842
38709 209496
10 3
3245 319181
15724 84
3935 325575
3425 396242
3065 343888
18442 12
3680 331356
10542 97
3925 368331
3485 379317
7 1
655868 272703
111572 992010
571874 803460
798753 273286
597621 987346
763460 160045
11993 446346
7 3
972910 38397
114665 325791
351032 106420
40086 931917
699815 53381
363864 102667
124637 299725
9 4
160425 319578
84417 607322
52729 972298
939875 54548
684079 74945
550745 93089
101966 502798
60584 846235
92751 552752
3 1
300228 65197
30117 223015
956354 276578
2 1
240236 24
25349 2018
3 2
295970 23
28371 2787
22321 2461
3 1
51123 742485
145210 428843
234495 261203
2 1
51005 558425
77953 365380
5 3
578952 10101
730269 8008
17094 342108
26316 222222
27972 209066
6 4
69367 233516
636990 363960
929870 934917
741089 549532
812971 548392
670622 476248
7 4
607614 28044
624036 27306
29274 582084
752913 22632
327672 52003
69768 244237
436563 39032
3 2
24185 2492
292667 57
22942 2339
2 1
54230 700191
44975 844277
3 2
257290 66
29365 2724
28969 2804
3 2
865592 5643
24024 203319
16359 298584
3 1
866027 223574
419742 913122
225594 695543
2 1
24709 2736
289358 5
8 5
54188 186354
42021 240312
153729 65688
122094 82708
120156 84042
114057 88536
252126 40052
358701 28152
10 3
467856 741003
119515 691077
543359 772888
753980 274237
873916 655981
925109 379783
745093 243643
120873 159086
423918 695066
780018 632115
2 1
777766 61678
138057 599931
3 1
13402 71
3877 312078
3573 355227
7 4
574732 713495
655085 644054
110499 298998
729116 828980
184545 829362
137533 697913
443307 201611
6 3
285068 48
26304 2704
22996 2585
26784 2040
278634 72
28260 2530
8 5
7667 452088
71162 48708
45747 75768
40664 85239
15498 223652
8316 416806
184184 18819
408408 8487
4 2
3157 317448
3782 320274
3313 391823
15872 48
8 5
25704 252109
126936 51051
122808 52767
828036 7826
6552 989043
380808 17017
144738 44772
246246 26316
8 4
17032 71
3800 338253
3730 357803
3345 386861
18888 14
3839 381017
3468 390261
3011 318974
9 5
317218 891761
75118 457960
438641 902734
138263 992909
477934 258797
359205 148825
861983 750176
589985 267709
146749 5043
9 5
327236 13662
20677 216216
59202 75516
15834 282348
5208 858429
227447 19656
56028 79794
74152 60291
39928 111969
3 1
500918 166097
193669 429604
350404 237443
3 1
3211 399945
18861 97
3169 397340
