100
1 1
540 600
840 900
2 0
900 1260
180 540
1 1
1439 1440
0 1
0 2
180 540
541 901
0 1
941 1440
0 1
167 671
0 2
1223 1384
1384 1440
0 2
958 1075
722 958
0 2
1361 1440
1035 1361
2 0
926 1136
1136 1440
0 2
1050 1440
848 1050
0 2
1362 1440
527 673
0 2
177 310
1326 1440
2 0
651 665
1154 1440
0 2
1205 1440
730 1205
0 2
11 361
1080 1440
0 2
326 616
699 1100
2 0
601 657
1074 1440
2 0
1079 1429
10 360
1 0
415 416
2 0
326 457
84 242
0 2
487 694
1222 1440
2 0
14 443
778 1002
1 1
803 1440
305 803
0 2
902 979
979 1107
2 0
483 788
1412 1440
0 2
1340 1362
1362 1416
0 2
1080 1440
10 360
1 1
1211 1440
856 1211
0 2
1365 1440
115 130
0 2
540 900
180 540
2 0
743 1357
1357 1440
0 2
833 1132
1132 1440
2 0
627 804
804 1080
2 0
626 698
338 403
0 2
540 900
179 539
0 2
675 760
445 675
1 1
589 863
863 1116
1 1
1138 1297
1053 1138
0 2
614 794
12 147
1 0
1307 1440
2 0
1009 1025
746 1009
0 2
1188 1328
639 1188
0 2
326 812
101 265
0 2
1381 1434
1434 1440
0 2
759 863
244 759
0 1
696 911
1 1
0 1
1439 1440
0 2
1080 1440
0 360
0 2
1141 1440
1038 1141
2 0
573 1063
1296 1440
0 2
1081 1091
1239 1440
2 0
183 408
50 77
0 2
540 809
1303 1440
2 0
241 357
1214 1315
0 2
1439 1440
0 1
1 1
539 1190
1190 1440
2 0
1080 1430
0 360
2 0
1439 1440
0 1
1 0
1235 1440
2 0
1126 1186
500 896
0 2
1326 1440
1027 1201
2 0
1079 1429
0 360
0 2
993 1440
895 926
1 0
1134 1440
2 0
812 894
894 953
2 0
1318 1440
791 1030
0 2
1268 1440
40 455
1 1
1331 1346
1413 1422
2 0
1339 1440
1171 1339
2 0
1182 1440
366 457
0 2
1052 1079
335 801
0 2
205 393
1199 1440
2 0
10 360
1080 1430
1 0
944 954
2 0
724 1398
1398 1440
0 1
480 826
0 2
1145 1440
805 1054
0 2
960 1024
323 960
0 1
1012 1440
2 0
334 914
1300 1440
2 0
41 186
1044 1220
1 1
1333 1440
686 806
0 2
595 994
535 595
0 1
1374 1440
0 2
760 1296
1296 1416
2 0
573 629
629 1085
1 0
68 771
2 0
49 145
145 605
0 2
994 1424
1424 1440
2 0
810 1207
564 810
1 0
1323 1440
1 0
1407 1435
2 0
563 830
830 885
0 2
570 989
193 424
0 2
1064 1068
671 1064
2 0
11 361
1080 1430
2 0
407 564
186 337
2 0
1155 1233
305 610
2 0
1326 1423
820 1326
