100
4 4
1.4000
0.5000 0.7000 0.8000 0.6000
2 2
1.0000
0.0000 0.0000
2 2
0.0000
0.9000 0.8000
2 2
0.1000
0.4000 0.5000
48 48
13.1633
0.6894 0.7349 0.0956 0.9968 0.1649 0.9202 0.9791 0.6087 0.8676 0.7873 0.7775 0.8554 0.4799 0.5151 0.9026 0.3651 0.3259 0.8254 0.4976 0.4181 0.7915 0.6219 0.2353 0.7288 0.9231 0.9193 0.7445 0.5658 0.7582 0.4445 0.2962 0.7065 0.5806 0.2548 0.4990 0.8760 0.1897 0.2515 0.9021 0.6597 0.4651 0.6548 0.6976 0.8442 0.6114 0.8529 0.5419 0.2095
1 1
0.3333
0.5000
50 50
0.0000
1.0000 1.0000 1.0000 1.0000 1.0000 1.0000 1.0000 1.0000 1.0000 1.0000 1.0000 1.0000 1.0000 1.0000 1.0000 1.0000 1.0000 1.0000 1.0000 1.0000 1.0000 1.0000 1.0000 1.0000 1.0000 1.0000 1.0000 1.0000 1.0000 1.0000 1.0000 1.0000 1.0000 1.0000 1.0000 1.0000 1.0000 1.0000 1.0000 1.0000 1.0000 1.0000 1.0000 1.0000 1.0000 1.0000 1.0000 1.0000 1.0000 1.0000
50 50
1.0000
0.0000 0.0000 0.0000 0.0000 0.0000 0.0000 0.0000 0.0000 0.0000 0.0000 0.0000 0.0000 0.0000 0.0000 0.0000 0.0000 0.0000 0.0000 0.0000 0.0000 0.0000 0.0000 0.0000 0.0000 0.0000 0.0000 0.0000 0.0000 0.0000 0.0000 0.0000 0.0000 0.0000 0.0000 0.0000 0.0000 0.0000 0.0000 0.0000 0.0000 0.0000 0.0000 0.0000 0.0000 0.0000 0.0000 0.0000 0.0000 0.0000 0.0000
47 47
13.5086
0.8872 0.6692 0.8865 0.8815 0.7668 0.6420 0.7809 0.7065 0.7544 0.1341 0.8630 0.8869 0.9027 0.4341 0.3528 0.8436 0.1998 0.9446 0.3403 0.6413 0.7265 0.6476 0.9768 0.8571 0.8066 0.2852 0.9097 0.8974 0.5924 0.0591 0.0533 0.1585 0.4632 0.6695 0.2821 0.8045 0.6995 0.1790 0.7938 0.0141 0.9047 0.4057 0.1067 0.8372 0.3982 0.9801 0.0696
50 50
1.0000
0.3333 0.3333 0.3333 0.3333 0.3333 0.3333 0.3333 0.3333 0.3333 0.3333 0.3333 0.3333 0.3333 0.3333 0.3333 0.3333 0.3333 0.3333 0.3333 0.3333 0.3333 0.3333 0.3333 0.3333 0.3333 0.3333 0.3333 0.3333 0.3333 0.3333 0.3333 0.3333 0.3333 0.3333 0.3333 0.3333 0.3333 0.3333 0.3333 0.3333 0.3333 0.3333 0.3333 0.3333 0.3333 0.3333 0.3333 0.3333 0.3333 0.3333
49 49
15.8732
0.7986 0.1924 0.8389 0.7187 0.5410 0.9694 0.3078 0.8670 0.5040 0.9271 0.6985 0.6053 0.1891 0.2273 0.3027 0.7751 0.2895 0.0335 0.9709 0.4507 0.3002 0.2841 0.9318 0.7448 0.8864 0.0554 0.0739 0.3492 0.7703 0.9720 0.9331 0.0704 0.0075 0.8306 0.8331 0.4264 0.9657 0.1981 0.4507 0.1899 0.1520 0.7547 0.1000 0.2287 0.0265 0.2383 0.8389 0.8828 0.5187
47 47
0.5837
0.1457 0.6048 0.8867 0.5956 0.3602 0.4740 0.9137 0.3682 0.6248 0.1291 0.2916 0.7335 0.2756 0.7999 0.8283 0.2637 0.7741 0.3154 0.8738 0.3793 0.0082 0.5603 0.6586 0.4096 0.7970 0.5064 0.9918 0.3950 0.1213 0.5026 0.6131 0.6696 0.4186 0.8463 0.7012 0.7167 0.0343 0.8207 0.7619 0.8003 0.9160 0.5373 0.4499 0.8177 0.5646 0.0304 0.2976
49 49
21.6500
0.4838 0.5144 0.1706 0.9467 0.5473 0.2629 0.6345 0.5669 0.6277 0.4394 0.8812 0.3112 0.0724 0.2596 0.4224 0.3209 0.4509 0.9633 0.1238 0.8469 0.1676 0.4379 0.4728 0.0696 0.2280 0.4905 0.1189 0.1728 0.7375 0.3993 0.2062 0.2864 0.7425 0.8420 0.1120 0.6089 0.4745 0.2348 0.1407 0.8406 0.3463 0.7136 0.6016 0.5439 0.1063 0.8972 0.0448 0.9596 0.8002
48 48
20.2335
0.4081 0.8165 0.5875 0.9770 0.1805 0.7817 0.3341 0.6739 0.4753 0.2293 0.1538 0.1064 0.5697 0.6560 0.1261 0.2662 0.4806 0.1071 0.8900 0.7169 0.1758 0.0014 0.7413 0.2091 0.5274 0.5824 0.2463 0.6375 0.9703 0.0902 0.4636 0.6820 0.9831 0.8284 0.2684 0.0784 0.2911 0.1078 0.9467 0.6062 0.4016 0.0830 0.3668 0.6606 0.8287 0.7706 0.1895 0.9093
46 46
16.3047
0.9955 0.3166 0.0377 0.4199 0.9451 0.5681 0.4738 0.0082 0.5743 0.8875 0.4414 0.8419 0.4675 0.7269 0.2305 0.8368 0.4820 0.9356 0.5297 0.1082 0.4092 0.4229 0.7813 0.0397 0.3934 0.4406 0.3541 0.5349 0.4483 0.9431 0.6949 0.3324 0.4118 0.6047 0.6869 0.3870 0.6674 0.9092 0.3217 0.8340 0.1029 0.1386 0.5335 0.5788 0.0404 0.0885
48 48
18.9870
0.3797 0.4343 0.7003 0.9433 0.2933 0.0406 0.0687 0.2621 0.9360 0.1898 0.7744 0.4355 0.6877 0.3023 0.4489 0.7126 0.6909 0.2687 0.3160 0.4483 0.9855 0.0399 0.1581 0.1945 0.5906 0.4991 0.1310 0.2267 0.2261 0.1465 0.4833 0.7747 0.7769 0.8160 0.9202 0.9317 0.3787 0.3414 0.6143 0.0685 0.4625 0.7551 0.0898 0.0290 0.7974 0.5195 0.0837 0.1133
1 1
0.3333
0.0000
2 2
0.5000
0.5000 0.5000
45 45
18.4194
0.9916 0.9915 0.0663 0.7299 0.4117 0.2684 0.7482 0.4040 0.7640 0.4931 0.6044 0.9236 0.3060 0.1422 0.1160 0.0554 0.3801 0.7219 0.2274 0.9534 0.7413 0.1966 0.6448 0.2607 0.4030 0.0345 0.6508 0.1185 0.3584 0.0004 0.6348 0.3898 0.0316 0.3727 0.7980 0.5712 0.9930 0.0596 0.7454 0.7553 0.0721 0.3343 0.6897 0.3801 0.5303
49 49
20.1330
0.6986 0.4095 0.7800 0.6601 0.3688 0.0699 0.0706 0.5313 0.8408 0.8375 0.8965 0.1691 0.0098 0.3606 0.0392 0.7513 0.1686 0.0031 0.7805 0.4451 0.6832 0.2293 0.5936 0.3551 0.4305 0.6541 0.3348 0.7779 0.7325 0.4458 0.2033 0.3626 0.1108 0.0045 0.2509 0.9054 0.7273 0.3413 0.9492 0.7376 0.1729 0.8242 0.6337 0.8365 0.7898 0.3860 0.8010 0.6179 0.0125
46 46
18.8685
0.6107 0.6615 0.8204 0.6053 0.8675 0.1872 0.3623 0.8380 0.7810 0.4915 0.6134 0.1271 0.0785 0.3552 0.4089 0.6168 0.0928 0.0142 0.1870 0.5143 0.2800 0.3630 0.3676 0.5886 0.1035 0.7968 0.9343 0.2113 0.9000 0.8214 0.0652 0.3290 0.7674 0.1539 0.1212 0.7299 0.0698 0.5866 0.4518 0.1176 0.9553 0.0140 0.3746 0.1777 0.8168 0.7247
47 47
13.8291
0.1035 0.7066 0.5248 0.6239 0.4335 0.9868 0.2975 0.5479 0.9906 0.9173 0.5577 0.2943 0.9649 0.6153 0.5893 0.3515 0.8967 0.6017 0.0768 0.1653 0.6925 0.8141 0.1616 0.7618 0.6182 0.0554 0.0069 0.1619 0.2577 0.9652 0.6425 0.3237 0.9244 0.3479 0.6023 0.8885 0.7585 0.8082 0.6272 0.2838 0.6552 0.1912 0.5595 0.9823 0.6620 0.7963 0.7240
50 50
15.8071
0.2672 0.7481 0.3203 0.9667 0.0940 0.0399 0.8081 0.7785 0.4446 0.6741 0.4313 0.7582 0.1297 0.3901 0.9838 0.9028 0.5176 0.2501 0.8498 0.5786 0.7761 0.5265 0.7946 0.9394 0.7427 0.7108 0.7826 0.3043 0.5013 0.2706 0.4964 0.2363 0.0763 0.7450 0.8161 0.4132 0.6214 0.2436 0.7166 0.9796 0.1768 0.1236 0.0732 0.7473 0.4123 0.0296 0.8737 0.9282 0.3174 0.1187
48 48
19.3448
0.2892 0.5299 0.3977 0.3672 0.8068 0.8180 0.0290 0.9355 0.5157 0.1739 0.7391 0.9961 0.8735 0.4511 0.7156 0.4440 0.1812 0.3111 0.7591 0.1505 0.9477 0.7444 0.2447 0.1827 0.4799 0.1553 0.2370 0.8629 0.9525 0.3011 0.7883 0.4115 0.8363 0.2740 0.2370 0.4758 0.1530 0.6302 0.8521 0.2548 0.2824 0.2408 0.7290 0.3719 0.1338 0.6795 0.9533 0.1955
49 49
17.7245
0.5309 0.6385 0.1438 0.6229 0.9377 0.4387 0.4806 0.0702 0.3859 0.5971 0.3972 0.1764 0.2421 0.0237 0.9356 0.8429 0.1144 0.6829 0.0801 0.2572 0.9841 0.8401 0.4876 0.3812 0.3180 0.8495 0.1286 0.9536 0.3765 0.6198 0.0158 0.8422 0.6343 0.2650 0.5645 0.9836 0.1929 0.1848 0.5677 0.8119 0.1258 0.1677 0.0764 0.1256 0.2988 0.6735 0.6664 0.1824 0.7913
47 47
19.6162
0.2645 0.6431 0.1601 0.8668 0.6099 0.5074 0.8796 0.4946 0.8922 0.3336 0.7664 0.3941 0.8466 0.8126 0.5041 0.9562 0.0564 0.3885 0.9558 0.6132 0.0690 0.7192 0.6529 0.4249 0.7568 0.2365 0.0010 0.0223 0.2946 0.6015 0.2608 0.8281 0.3582 0.1528 0.3086 0.0805 0.9557 0.9361 0.1080 0.1784 0.7028 0.9714 0.6299 0.5916 0.9083 0.3028 0.4682
50 50
19.3863
0.5517 0.5701 0.8356 0.1645 0.9350 0.5029 0.7672 0.8834 0.2757 0.4880 0.8240 0.5481 0.4914 0.5129 0.7336 0.2066 0.7287 0.8824 0.5031 0.1076 0.1189 0.4782 0.7906 0.6333 0.7768 0.6205 0.3088 0.4190 0.3593 0.2597 0.4783 0.2571 0.5082 0.3023 0.8003 0.9429 0.8817 0.1066 0.1138 0.3352 0.3091 0.7055 0.5688 0.6674 0.9054 0.2553 0.8341 0.2309 0.0647 0.9703
1 1
1.0000
0.0000
50 50
21.5705
0.2464 0.0437 0.6204 0.8008 0.8428 0.0138 0.5270 0.8298 0.7582 0.3651 0.1063 0.2101 0.0728 0.0373 0.4772 0.3399 0.8020 0.4619 0.2280 0.5296 0.3773 0.8949 0.0294 0.1254 0.1592 0.3926 0.5034 0.0855 0.4363 0.9828 0.5601 0.3697 0.9330 0.3920 0.0050 0.2611 0.0677 0.1034 0.1171 0.8470 0.6228 0.4478 0.3645 0.7438 0.9539 0.2602 0.4185 0.2507 0.6669 0.9874
47 47
2.2784
0.9460 0.1005 0.1637 0.1028 0.9770 0.7586 0.9917 0.1259 0.6562 0.9056 0.6587 0.8840 0.1427 0.6641 0.3635 0.6483 0.1664 0.9042 0.7958 0.3364 0.8156 0.8419 0.7939 0.5550 0.1539 0.1370 0.3084 0.3204 0.4354 0.2346 0.8278 0.9963 0.1902 0.1277 0.8489 0.1305 0.2816 0.3553 0.8193 0.6506 0.6852 0.4495 0.4923 0.7511 0.5519 0.0239 0.0708
47 47
20.8464
0.6776 0.2586 0.1966 0.9725 0.9093 0.8206 0.1297 0.1312 0.5967 0.4208 0.5348 0.0563 0.4349 0.8680 0.6074 0.0646 0.0422 0.8378 0.0717 0.1859 0.8203 0.6329 0.5903 0.6471 0.7626 0.7672 0.9283 0.0394 0.6362 0.8502 0.1732 0.6064 0.3258 0.5316 0.1029 0.0953 0.1734 0.3268 0.4061 0.7509 0.9545 0.6697 0.6079 0.2473 0.1344 0.9020 0.9100
50 50
18.4696
0.8978 0.4665 0.2849 0.2269 0.0586 0.5319 0.6402 0.3543 0.9212 0.5581 0.7902 0.3192 0.0635 0.5811 0.3562 0.8955 0.7825 0.2529 0.5440 0.3840 0.8730 0.7378 0.9899 0.4906 0.9130 0.4650 0.8167 0.8203 0.6030 0.7770 0.7773 0.2904 0.1261 0.4972 0.2605 0.2096 0.6642 0.7444 0.5007 0.1477 0.4344 0.0728 0.1649 0.6985 0.2745 0.0230 0.7587 0.6719 0.8395 0.5771
45 45
21.6632
0.9082 0.1473 0.1926 0.9634 0.8383 0.1342 0.3302 0.1580 0.8815 0.2946 0.2107 0.4707 0.6121 0.2182 0.8657 0.0923 0.2405 0.5932 0.1498 0.6959 0.0769 0.7671 0.7235 0.1821 0.7871 0.0948 0.2249 0.9075 0.9053 0.8208 0.4098 0.0958 0.4347 0.4684 0.0292 0.6135 0.0776 0.0609 0.8041 0.6975 0.0564 0.8619 0.2021 0.4392 0.9851
1 1
0.5000
0.5000
50 50
19.7270
0.0350 0.7934 0.7961 0.8217 0.4786 0.3984 0.2358 0.5173 0.8559 0.4512 0.9913 0.1020 0.9792 0.1612 0.2357 0.6301 0.7641 0.7295 0.0386 0.0609 0.5423 0.1560 0.7762 0.8418 0.6061 0.9148 0.2274 0.0792 0.5402 0.7914 0.4751 0.1787 0.6791 0.7790 0.5794 0.0692 0.1976 0.3468 0.4400 0.9426 0.4842 0.5555 0.1214 0.2872 0.3642 0.1932 0.4003 0.5532 0.1682 0.6446
49 49
22.9108
0.3593 0.0593 0.1549 0.6148 0.8197 0.1652 0.4913 0.9049 0.5651 0.5213 0.5142 0.2416 0.5487 0.1318 0.3267 0.5867 0.7040 0.8878 0.8354 0.8285 0.3826 0.4773 0.4011 0.5214 0.8574 0.4671 0.4091 0.7365 0.0764 0.5604 0.7078 0.3298 0.1525 0.0573 0.7204 0.2970 0.2174 0.2036 0.4306 0.2018 0.5223 0.9582 0.5022 0.4067 0.1904 0.3177 0.2640 0.0806 0.3246
49 49
16.3383
0.6863 0.1843 0.2870 0.8997 0.3386 0.4858 0.3131 0.6517 0.7608 0.2759 0.5197 0.9801 0.4498 0.4506 0.9854 0.3680 0.1031 0.3880 0.9207 0.5190 0.9230 0.4713 0.7203 0.4959 0.8502 0.0456 0.2770 0.7755 0.8014 0.9490 0.4573 0.4859 0.6770 0.3606 0.5268 0.8985 0.2292 0.4293 0.4237 0.6212 0.5835 0.5575 0.5129 0.2180 0.0230 0.5996 0.7149 0.7051 0.2113
45 45
19.1129
0.3359 0.1313 0.0869 0.1936 0.2090 0.5056 0.7885 0.2796 0.9831 0.2318 0.4446 0.5438 0.5662 0.5087 0.0918 0.2441 0.7725 0.8695 0.5266 0.5349 0.8211 0.9429 0.7059 0.6433 0.0903 0.5835 0.1574 0.9253 0.3319 0.9544 0.1067 0.7739 0.2041 0.4926 0.2812 0.0744 0.0296 0.9945 0.6892 0.5848 0.6303 0.4228 0.5765 0.0532 0.2120
48 48
20.3923
0.4991 0.5439 0.0319 0.4953 0.4758 0.2403 0.1611 0.3951 0.6657 0.0733 0.5707 0.9370 0.7702 0.1378 0.2777 0.3557 0.3814 0.8973 0.7294 0.1946 0.5138 0.9666 0.0807 0.2249 0.5316 0.8425 0.5976 0.2583 0.3293 0.4671 0.5662 0.0229 0.4390 0.2209 0.3632 0.0670 0.1177 0.9811 0.5013 0.4145 0.0907 0.2637 0.1042 0.5649 0.9363 0.0866 0.4096 0.4450
50 50
0.0000
0.0000 0.0000 0.0000 0.0000 0.0000 0.0000 0.0000 0.0000 0.0000 0.0000 0.0000 0.0000 0.0000 0.0000 0.0000 0.0000 0.0000 0.0000 0.0000 0.0000 0.0000 0.0000 0.0000 0.0000 0.0000 0.0000 0.0000 0.0000 0.0000 0.0000 0.0000 0.0000 0.0000 0.0000 0.0000 0.0000 0.0000 0.0000 0.0000 0.0000 0.0000 0.0000 0.0000 0.0000 0.0000 0.0000 0.0000 0.0000 0.0000 0.0000
49 49
17.6263
0.4140 0.2032 0.9056 0.0935 0.7461 0.3074 0.1718 0.0810 0.8964 0.3381 0.9218 0.2958 0.4863 0.4220 0.2132 0.0731 0.1863 0.1684 0.2207 0.8766 0.8892 0.3071 0.4847 0.6433 0.4321 0.7728 0.9403 0.9421 0.8476 0.6667 0.6710 0.4221 0.8809 0.1595 0.8699 0.0722 0.7878 0.1218 0.6510 0.9922 0.7792 0.7367 0.8012 0.3149 0.3444 0.2804 0.0774 0.4369 0.2911
45 45
15.4601
0.5139 0.7141 0.7965 0.3809 0.5033 0.2872 0.9044 0.7830 0.8423 0.3499 0.6204 0.9002 0.8977 0.5193 0.1682 0.3053 0.6973 0.7282 0.5923 0.1584 0.6668 0.2534 0.8064 0.1814 0.8860 0.1873 0.3596 0.3491 0.0089 0.5764 0.8194 0.1929 0.2870 0.6511 0.4214 0.6489 0.8438 0.4248 0.4185 0.7705 0.4463 0.4734 0.3012 0.8137 0.4630
50 50
21.6037
0.4674 0.7421 0.9078 0.1179 0.2325 0.1944 0.9663 0.8452 0.6182 0.3945 0.5504 0.8476 0.0216 0.6660 0.0207 0.9659 0.3173 0.3267 0.3053 0.1650 0.6219 0.9459 0.6437 0.2015 0.9672 0.5770 0.5432 0.4156 0.4909 0.1544 0.6510 0.2499 0.7560 0.0479 0.2279 0.2795 0.9135 0.4520 0.1085 0.1716 0.1203 0.0163 0.9776 0.4703 0.6179 0.4755 0.1079 0.6386 0.8604 0.0871
48 48
18.0786
0.0261 0.7086 0.1163 0.3779 0.3946 0.9820 0.9422 0.7851 0.1542 0.7989 0.0213 0.2302 0.0393 0.8786 0.4273 0.3345 0.8153 0.1284 0.0453 0.1854 0.0489 0.1310 0.8958 0.6591 0.9343 0.5426 0.3322 0.3459 0.3451 0.8519 0.1644 0.1291 0.8762 0.4268 0.2310 0.0940 0.0336 0.8124 0.7728 0.2650 0.5892 0.8693 0.8573 0.7333 0.4694 0.0439 0.8724 0.1444
46 46
23.9426
0.8322 0.5716 0.4209 0.8282 0.5980 0.0324 0.0961 0.8142 0.7131 0.8688 0.0193 0.0418 0.4006 0.8713 0.2708 0.1436 0.5272 0.3172 0.5053 0.2441 0.2434 0.2616 0.9662 0.3870 0.4745 0.9015 0.7146 0.1284 0.5482 0.4473 0.2037 0.0318 0.4157 0.7963 0.1030 0.1507 0.8996 0.6625 0.6903 0.9453 0.4839 0.0179 0.4837 0.3185 0.3832 0.0319
50 50
0.0000
0.8765 0.8765 0.8765 0.8765 0.8765 0.8765 0.8765 0.8765 0.8765 0.8765 0.8765 0.8765 0.8765 0.8765 0.8765 0.8765 0.8765 0.8765 0.8765 0.8765 0.8765 0.8765 0.8765 0.8765 0.8765 0.8765 0.8765 0.8765 0.8765 0.8765 0.8765 0.8765 0.8765 0.8765 0.8765 0.8765 0.8765 0.8765 0.8765 0.8765 0.8765 0.8765 0.8765 0.8765 0.8765 0.8765 0.8765 0.8765 0.8765 0.8765
47 47
20.3158
0.9485 0.6469 0.6592 0.0432 0.8882 0.2767 0.0425 0.3334 0.8629 0.7160 0.9418 0.8353 0.2574 0.7037 0.7907 0.4980 0.6691 0.9445 0.9297 0.5814 0.7995 0.2479 0.8598 0.2398 0.1349 0.1469 0.7206 0.5531 0.6158 0.7974 0.6004 0.2246 0.2020 0.7284 0.1882 0.3483 0.9016 0.3568 0.9973 0.6402 0.6664 0.1571 0.8594 0.2793 0.0373 0.6574 0.7659
46 46
17.8208
0.3386 0.1832 0.9204 0.4699 0.4366 0.6312 0.4457 0.4880 0.1750 0.2230 0.9989 0.1071 0.5791 0.0198 0.9565 0.0152 0.0279 0.6023 0.9837 0.0318 0.8676 0.1855 0.9881 0.7002 0.9643 0.1678 0.9065 0.3554 0.8687 0.3085 0.3219 0.4523 0.5846 0.1313 0.1887 0.4457 0.8228 0.0320 0.5252 0.7766 0.0677 0.0757 0.9007 0.3821 0.2137 0.1069
49 49
17.2585
0.7394 0.8445 0.4274 0.9554 0.2917 0.4406 0.9954 0.3572 0.9091 0.2035 0.0276 0.7611 0.6689 0.7210 0.9795 0.7551 0.1473 0.7547 0.6484 0.7350 0.9421 0.7997 0.3741 0.6005 0.5213 0.5712 0.4716 0.1085 0.0553 0.2568 0.2278 0.1658 0.0026 0.6770 0.6465 0.1682 0.8036 0.8088 0.9322 0.6148 0.8854 0.5776 0.7674 0.1833 0.4591 0.8600 0.0877 0.7328 0.0305
49 49
23.4919
0.9170 0.1294 0.2568 0.3536 0.9714 0.7422 0.9138 0.7560 0.4009 0.6470 0.2811 0.9804 0.2228 0.4025 0.3509 0.7914 0.3513 0.0700 0.9328 0.6604 0.4348 0.7893 0.8309 0.8993 0.3347 0.1083 0.2495 0.4973 0.6182 0.1568 0.1759 0.3675 0.4423 0.3401 0.7737 0.3939 0.8685 0.5431 0.0676 0.0466 0.6213 0.5731 0.1780 0.9095 0.9498 0.1195 0.2924 0.7346 0.9963
50 50
17.7697
0.7130 0.0203 0.8302 0.6773 0.6378 0.2568 0.6962 0.6964 0.3622 0.0721 0.6859 0.1773 0.6994 0.1904 0.3326 0.1183 0.5527 0.9428 0.2002 0.0900 0.5874 0.2248 0.6304 0.9747 0.2140 0.5001 0.2651 0.6581 0.7774 0.7823 0.6572 0.2789 0.9209 0.3443 0.0048 0.8393 0.9961 0.0393 0.6102 0.7820 0.9714 0.3355 0.7905 0.4749 0.7002 0.4992 0.1995 0.8070 0.0985 0.1225
45 45
13.6397
0.7271 0.4802 0.5689 0.9908 0.1970 0.2885 0.6369 0.2831 0.9195 0.4580 0.3035 0.0902 0.0907 0.1565 0.8938 0.6939 0.6945 0.3673 0.9630 0.9356 0.0075 0.6404 0.9600 0.5990 0.7606 0.1318 0.9668 0.7168 0.4656 0.2898 0.0568 0.9272 0.9712 0.0077 0.9643 0.5948 0.2754 0.9377 0.7668 0.3320 0.3672 0.6105 0.7523 0.9281 0.6378
50 50
17.2169
0.4000 0.8945 0.8436 0.1428 0.1337 0.7265 0.9775 0.6972 0.7360 0.0241 0.1229 0.2136 0.7074 0.0015 0.1322 0.9187 0.9313 0.0286 0.3310 0.2194 0.5712 0.0208 0.5922 0.4754 0.8487 0.2925 0.8853 0.1423 0.4656 0.1100 0.3310 0.9642 0.8028 0.4986 0.7158 0.5928 0.2560 0.7709 0.3279 0.8563 0.9972 0.0600 0.8410 0.6363 0.7158 0.5077 0.4487 0.7246 0.1875 0.0798
47 47
20.9891
0.3544 0.6667 0.8436 0.9655 0.2565 0.2193 0.3011 0.8163 0.4309 0.0827 0.0184 0.4178 0.4140 0.0892 0.1070 0.1947 0.9422 0.4471 0.6381 0.4982 0.5795 0.3722 0.0972 0.9799 0.0421 0.2632 0.5791 0.4124 0.2196 0.6738 0.3501 0.2990 0.4532 0.4475 0.5404 0.7492 0.3902 0.8424 0.9201 0.9100 0.8970 0.9456 0.8133 0.6053 0.8703 0.5553 0.9984
47 47
18.1105
0.8106 0.9197 0.4794 0.2382 0.7519 0.2828 0.6173 0.9499 0.6321 0.2386 0.8138 0.6801 0.9447 0.2487 0.4964 0.4783 0.1627 0.3062 0.3969 0.5225 0.4826 0.6387 0.7334 0.4455 0.4861 0.6384 0.2339 0.7523 0.9772 0.0798 0.3202 0.2030 0.9385 0.7454 0.8909 0.3189 0.4636 0.3700 0.0687 0.3678 0.0458 0.6657 0.6229 0.2689 0.5592 0.4827 0.1608
50 50
0.6901
0.3512 0.3483 0.2108 0.3724 0.0932 0.9438 0.2215 0.6598 0.3303 0.7287 0.1224 0.5983 0.5109 0.7255 0.8091 0.1842 0.2791 0.5160 0.8871 0.2683 0.8764 0.8265 0.1546 0.2187 0.7744 0.2443 0.3337 0.1761 0.0507 0.8928 0.7417 0.6196 0.5154 0.9926 0.0770 0.1090 0.8733 0.7951 0.7742 0.6915 0.0539 0.6986 0.6759 0.0863 0.2665 0.7205 0.3158 0.9318 0.9641 0.0857
49 49
18.8140
0.8182 0.4751 0.6845 0.0926 0.7325 0.5293 0.1124 0.6793 0.4598 0.5991 0.9264 0.6388 0.8506 0.4587 0.7005 0.5470 0.6440 0.0663 0.6603 0.8379 0.1653 0.2940 0.2903 0.3730 0.3808 0.0583 0.8485 0.4642 0.3953 0.2283 0.9837 0.2325 0.2668 0.3567 0.6239 0.3570 0.5430 0.8885 0.0630 0.9901 0.4569 0.1880 0.6335 0.7931 0.6022 0.7618 0.8374 0.2652 0.8841
45 45
14.6862
0.3727 0.3487 0.9157 0.9256 0.9842 0.3337 0.9029 0.7746 0.4789 0.5855 0.5591 0.9892 0.9467 0.3986 0.3837 0.8545 0.5197 0.7773 0.3285 0.8137 0.7568 0.5167 0.7234 0.1990 0.8566 0.4217 0.7231 0.2232 0.8852 0.3360 0.2452 0.0683 0.3936 0.1227 0.1077 1.0000 0.2952 0.1985 0.8641 0.1447 0.9667 0.7964 0.0293 0.2368 0.0544
48 48
21.8130
0.0813 0.6090 0.4321 0.5958 0.4514 0.3662 0.0116 0.0464 0.9224 0.3506 0.6537 0.9108 0.6989 0.8392 0.2920 0.2944 0.5839 0.4796 0.2765 0.2053 0.9030 0.6426 0.1303 0.6999 0.1859 0.1607 0.8957 0.4250 0.1229 0.4947 0.6621 0.5824 0.0314 0.4388 0.8848 0.5884 0.4693 0.9332 0.2566 0.1157 0.9324 0.6956 0.6057 0.7668 0.9542 0.2324 0.1816 0.8365
45 45
13.0959
0.5370 0.7883 0.1543 0.6135 0.7142 0.3499 0.1430 0.0227 0.8994 0.6999 0.4259 0.8431 0.5234 0.2246 0.8703 0.4091 0.8355 0.6574 0.7306 0.1974 0.0961 0.8828 0.8448 0.7396 0.6409 0.6095 0.5521 0.1982 0.4749 0.9780 0.5429 0.2333 0.8102 0.1408 0.8975 0.4387 0.1675 0.8293 0.9737 0.5624 0.9425 0.6483 0.1872 0.6189 0.8678
49 49
18.3450
0.8485 0.9574 0.3188 0.6183 0.5638 0.9243 0.4310 0.6041 0.5447 0.1906 0.8337 0.4340 0.0251 0.2800 0.2497 0.7013 0.3453 0.7261 0.1645 0.5196 0.7521 0.1207 0.4833 0.9692 0.5675 0.2325 0.2991 0.1573 0.1077 0.4223 0.9275 0.3877 0.8458 0.3234 0.7687 0.0365 0.7422 0.9596 0.5956 0.8882 0.0211 0.5659 0.7261 0.9886 0.7056 0.7223 0.8823 0.9416 0.3331
47 47
15.5323
0.4823 0.0093 0.1842 0.3493 0.8921 0.4769 0.9258 0.1547 0.8481 0.5883 0.7765 0.8651 0.7800 0.1469 0.8557 0.6493 0.8957 0.4777 0.2294 0.4216 0.1313 0.3354 0.7122 0.0094 0.8740 0.3236 0.7056 0.0863 0.7403 0.0623 0.0228 0.0042 0.9479 0.0541 0.6365 0.6855 0.6898 0.3519 0.9455 0.1090 0.3051 0.7835 0.8074 0.8194 0.8060 0.8287 0.9818
48 48
20.0031
0.8113 0.2844 0.2925 0.3494 0.3780 0.4009 0.2355 0.9809 0.3478 0.6929 0.5967 0.5366 0.6020 0.4825 0.2985 0.3355 0.7359 0.3145 0.1805 0.2257 0.1530 0.4398 0.1677 0.6249 0.6029 0.9777 0.2449 0.7418 0.0638 0.7118 0.7838 0.2973 0.4368 0.0301 0.0983 0.2952 0.4961 0.3974 0.9185 0.3563 0.2704 0.0825 0.6822 0.9047 0.0059 0.8372 0.7747 0.5147
50 50
26.3038
0.3375 0.7153 0.4678 0.2704 0.0610 0.0915 0.8307 0.6407 0.0222 0.0581 0.5072 0.7672 0.7737 0.4514 0.7208 0.8609 0.2378 0.2187 0.2315 0.1971 0.0819 0.6543 0.2606 0.0634 0.1918 0.1220 0.6593 0.7766 0.1857 0.4702 0.7009 0.5638 0.6054 0.5959 0.7260 0.4617 0.7329 0.4861 0.2350 0.7185 0.3981 0.9610 0.9392 0.2231 0.4356 0.3118 0.2450 0.1159 0.9824 0.9712
48 48
16.8967
0.7605 0.0809 0.4619 0.2487 0.0169 0.5103 0.1982 0.2092 0.0599 0.3592 0.7597 0.5651 0.1053 0.3553 0.1721 0.6413 0.2831 0.7582 0.3967 0.4707 0.0729 0.6727 0.6622 0.3856 0.8288 0.9398 0.1019 0.2130 0.6872 0.4427 0.8434 0.4639 0.1086 0.9286 0.4919 0.1346 0.9242 0.8638 0.9672 0.4948 0.3401 0.6227 0.8913 0.9876 0.9152 0.9772 0.5401 0.3102
49 49
16.6566
0.1092 0.7079 0.6140 0.1943 0.9093 0.3668 0.4245 0.3924 0.4050 0.0666 0.7238 0.3875 0.0486 0.2577 0.3332 0.8789 0.6891 0.3529 0.9374 0.5483 0.0365 0.4347 0.2445 0.4992 0.5302 0.5865 0.9608 0.4577 0.4432 0.2311 0.2869 0.6003 0.4711 0.9480 0.9458 0.4057 0.2935 0.8740 0.7130 0.0083 0.4575 0.9814 0.6394 0.7380 0.5979 0.5066 0.3303 0.8276 0.6369
48 48
15.4292
0.9118 0.7360 0.1815 0.3598 0.0829 0.7353 0.8832 0.4453 0.7656 0.8054 0.0877 0.1842 0.8034 0.6651 0.6278 0.3918 0.0071 0.2954 0.1318 0.8331 0.9981 0.6564 0.4625 0.9556 0.0553 0.6483 0.5622 0.7250 0.7074 0.7276 0.0090 0.7714 0.2531 0.1188 0.5395 0.0311 0.7930 0.3031 0.0352 0.7216 0.6146 0.9986 0.4783 0.7624 0.7626 0.8174 0.6941 0.6359
50 50
0.0049
0.9999 0.9999 0.9999 0.9999 0.9999 0.9999 0.9999 0.9999 0.9999 0.9999 0.9999 0.9999 0.9999 0.9999 0.9999 0.9999 0.9999 0.9999 0.9999 0.9999 0.9999 0.9999 0.9999 0.9999 0.9999 0.9999 0.9999 0.9999 0.9999 0.9999 0.9999 0.9999 0.9999 0.9999 0.9999 0.9999 0.9999 0.9999 0.9999 0.9999 0.9999 0.9999 0.9999 0.9999 0.9999 0.9999 0.9999 0.9999 0.9999 0.9999
50 50
0.0000
0.9999 0.9999 0.9999 0.9999 0.9999 0.9999 0.9999 0.9999 0.9999 0.9999 0.9999 0.9999 0.9999 0.9999 0.9999 0.9999 0.9999 0.9999 0.9999 0.9999 0.9999 0.9999 0.9999 0.9999 0.9999 0.9999 0.9999 0.9999 0.9999 0.9999 0.9999 0.9999 0.9999 0.9999 0.9999 0.9999 0.9999 0.9999 0.9999 0.9999 0.9999 0.9999 0.9999 0.9999 0.9999 0.9999 0.9999 0.9999 0.9999 0.9999
49 49
2.2603
0.7213 0.1329 0.6047 0.8378 0.6873 0.3545 0.5352 0.5095 0.8491 0.2017 0.6125 0.2368 0.7064 0.4856 0.5154 0.6857 0.5509 0.2235 0.1679 0.0706 0.7481 0.4581 0.7694 0.4795 0.0852 0.2062 0.3850 0.5337 0.2869 0.8561 0.1762 0.7444 0.2831 0.7961 0.5347 0.4606 0.9229 0.4266 0.6942 0.8354 0.7001 0.1160 0.0739 0.7932 0.8691 0.3106 0.7809 0.4379 0.5165
48 48
18.0085
0.5767 0.8633 0.1637 0.4948 0.7828 0.0333 0.4224 0.7843 0.4468 0.5567 0.6361 0.6663 0.7129 0.9755 0.6127 0.3442 0.0216 0.7679 0.3424 0.6103 0.3360 0.2551 0.2239 0.8446 0.3870 0.5780 0.5490 0.1416 0.8846 0.8555 0.6455 0.3178 0.9805 0.4502 0.4203 0.8048 0.2719 0.2230 0.3811 0.1567 0.3867 0.3977 0.2862 0.9539 0.7858 0.7591 0.8332 0.9609
2 2
0.3333
0.5000 0.5000
4 4
0.0001
0.0000 0.0000 0.0000 0.0000
49 49
20.1070
0.6268 0.1145 0.4521 0.6363 0.5172 0.1665 0.1829 0.1349 0.5697 0.2518 0.5735 0.1343 0.9840 0.1859 0.4593 0.8501 0.4240 0.2538 0.3722 0.8787 0.0051 0.0114 0.2545 0.3843 0.9802 0.8581 0.1610 0.4100 0.2211 0.4748 0.1802 0.1188 0.7216 0.2866 0.1189 0.0691 0.2093 0.9727 0.2720 0.2764 0.8902 0.6548 0.9129 0.1635 0.0994 0.0505 0.7720 0.6114 0.1523
50 50
0.0050
0.9999 0.9999 0.9999 0.9999 0.9999 0.9999 0.9999 0.9999 0.9999 0.9999 0.9999 0.9999 0.9999 0.9999 0.9999 0.9999 0.9999 0.9999 0.9999 0.9999 0.9999 0.9999 0.9999 0.9999 0.9999 0.9999 0.9999 0.9999 0.9999 0.9999 0.9999 0.9999 0.9999 0.9999 0.9999 0.9999 0.9999 0.9999 0.9999 0.9999 0.9999 0.9999 0.9999 0.9999 0.9999 0.9999 0.9999 0.9999 0.9999 0.9999
46 46
17.2419
0.1045 0.3315 0.0860 0.7655 0.5609 0.3404 0.2505 0.2971 0.5588 0.6631 0.0328 0.4308 0.2124 0.1420 0.0054 0.5742 0.4523 0.6864 0.0215 0.8614 0.4249 0.7010 0.9690 0.0095 0.8020 0.9081 0.9606 0.8102 0.2201 0.7564 0.7661 0.0972 0.5658 0.1070 0.1230 0.2068 0.9269 0.3676 0.7206 0.2606 0.7751 0.2944 0.9937 0.8839 0.4025 0.6547
46 46
19.8908
0.3639 0.6038 0.3989 0.9550 0.2433 0.9660 0.2630 0.7847 0.0234 0.5221 0.7694 0.0964 0.2107 0.6804 0.6470 0.7281 0.5729 0.1552 0.4798 0.0941 0.1897 0.9575 0.5037 0.4305 0.1675 0.9762 0.3797 0.8769 0.7411 0.4377 0.8480 0.9837 0.4065 0.2622 0.9875 0.6972 0.2503 0.0907 0.1095 0.4305 0.1900 0.4127 0.6731 0.3155 0.8031 0.0786
46 46
17.8775
0.8060 0.5089 0.4277 0.4635 0.3429 0.4548 0.6352 0.4570 0.8189 0.0755 0.7052 0.9322 0.2325 0.0197 0.7519 0.8879 0.5256 0.1374 0.0241 0.4276 0.1148 0.1914 0.5566 0.2919 0.3153 0.3519 0.6155 0.8996 0.4738 0.5897 0.7696 0.3666 0.1738 0.0907 0.8096 0.3282 0.5194 0.4132 0.9014 0.9853 0.1854 0.1514 0.6576 0.8058 0.9840 0.2005
47 47
18.8989
0.0663 0.2429 0.8657 0.5951 0.9583 0.7586 0.1908 0.3314 0.3454 0.2358 0.0782 0.9606 0.5994 0.3937 0.5654 0.9927 0.0908 0.9448 0.8926 0.0068 0.7780 0.6557 0.0643 0.0253 0.3863 0.9317 0.7190 0.4789 0.1265 0.7853 0.3818 0.1733 0.3981 0.1093 0.0675 0.5101 0.7981 0.6801 0.3055 0.4163 0.9716 0.6395 0.9133 0.9084 0.0866 0.7272 0.9525
45 45
15.7436
0.7429 0.5152 0.7651 0.7067 0.0294 0.0476 0.1785 0.8076 0.5608 0.3483 0.5308 0.3685 0.0607 0.3160 0.6347 0.7618 0.0755 0.5033 0.0110 0.8099 0.4152 0.7924 0.1399 0.4982 0.8686 0.3943 0.5343 0.8399 0.0468 0.8294 0.5999 0.8051 0.1990 0.9507 0.8791 0.6475 0.5440 0.2363 0.5212 0.3457 0.0416 0.5965 0.3735 0.6456 0.2829
4 4
1.3999
0.7000 0.8000 0.5000 0.6000
50 50
0.0000
0.3333 0.3333 0.3333 0.3333 0.3333 0.3333 0.3333 0.3333 0.3333 0.3333 0.3333 0.3333 0.3333 0.3333 0.3333 0.3333 0.3333 0.3333 0.3333 0.3333 0.3333 0.3333 0.3333 0.3333 0.3333 0.3333 0.3333 0.3333 0.3333 0.3333 0.3333 0.3333 0.3333 0.3333 0.3333 0.3333 0.3333 0.3333 0.3333 0.3333 0.3333 0.3333 0.3333 0.3333 0.3333 0.3333 0.3333 0.3333 0.3333 0.3333
45 45
17.3744
0.5307 0.1572 0.3791 0.1216 0.8035 0.5730 0.7873 0.9475 0.2369 0.5905 0.2115 0.2952 0.3414 0.2231 0.9259 0.9351 0.0384 0.9959 0.9717 0.5749 0.9357 0.8783 0.7901 0.7510 0.7022 0.7818 0.5489 0.4681 0.8354 0.1313 0.0425 0.8092 0.6676 0.6664 0.5379 0.4791 0.8472 0.5806 0.4550 0.2591 0.4652 0.0214 0.8517 0.4676 0.0753
50 50
50.0000
0.0000 0.0000 0.0000 0.0000 0.0000 0.0000 0.0000 0.0000 0.0000 0.0000 0.0000 0.0000 0.0000 0.0000 0.0000 0.0000 0.0000 0.0000 0.0000 0.0000 0.0000 0.0000 0.0000 0.0000 0.0000 0.0000 0.0000 0.0000 0.0000 0.0000 0.0000 0.0000 0.0000 0.0000 0.0000 0.0000 0.0000 0.0000 0.0000 0.0000 0.0000 0.0000 0.0000 0.0000 0.0000 0.0000 0.0000 0.0000 0.0000 0.0000
50 50
21.4605
0.5198 0.1316 0.0929 0.3998 0.7168 0.9427 0.7208 0.2428 0.2338 0.5670 0.4690 0.2801 0.4316 0.6452 0.5323 0.0320 0.6992 0.8544 0.8213 0.2320 0.4859 0.7242 0.9294 0.2330 0.8449 0.2975 0.9415 0.4749 0.8396 0.8584 0.2629 0.1845 0.6441 0.6712 0.8015 0.4998 0.6241 0.7689 0.2930 0.9621 0.4068 0.4883 0.4967 0.7228 0.9632 0.3362 0.5109 0.0045 0.9089 0.6380
50 50
33.3350
0.3333 0.3333 0.3333 0.3333 0.3333 0.3333 0.3333 0.3333 0.3333 0.3333 0.3333 0.3333 0.3333 0.3333 0.3333 0.3333 0.3333 0.3333 0.3333 0.3333 0.3333 0.3333 0.3333 0.3333 0.3333 0.3333 0.3333 0.3333 0.3333 0.3333 0.3333 0.3333 0.3333 0.3333 0.3333 0.3333 0.3333 0.3333 0.3333 0.3333 0.3333 0.3333 0.3333 0.3333 0.3333 0.3333 0.3333 0.3333 0.3333 0.3333
46 46
24.2557
0.7656 0.1028 0.7081 0.2414 0.6771 0.5657 0.1620 0.3060 0.4909 0.5889 0.4021 0.8121 0.5800 0.6044 0.4482 0.4571 0.4153 0.1399 0.0562 0.3291 0.0615 0.5706 0.6703 0.6765 0.1841 0.0122 0.0361 0.9852 0.7968 0.0168 0.9506 0.8504 0.4596 0.0813 0.2966 0.5825 0.3308 0.6922 0.0533 0.3737 0.6701 0.8119 0.2036 0.1148 0.4048 0.3831
45 45
3.5904
0.3655 0.4820 0.4581 0.9111 0.1272 0.2361 0.3028 0.5679 0.1824 0.1018 0.8465 0.4465 0.3880 0.5776 0.1720 0.3448 0.3892 0.8268 0.9563 0.3308 0.7715 0.3233 0.7398 0.6942 0.7122 0.5221 0.3324 0.8945 0.7976 0.3252 0.1036 0.4520 0.4972 0.1847 0.8075 0.4244 0.4031 0.7248 0.3085 0.2692 0.6697 0.2414 0.4654 0.5127 0.4568
2 2
0.0000
1.0000 1.0000
49 49
17.9956
0.7063 0.5599 0.2527 0.0186 0.5090 0.0245 0.3753 0.3079 0.9774 0.5511 0.1118 0.3473 0.3897 0.2718 0.7556 0.9833 0.4134 0.1685 0.8246 0.1854 0.7688 0.0833 0.9885 0.3573 0.5651 0.8388 0.3047 0.2341 0.7957 0.1791 0.6053 0.6410 0.2815 0.9794 0.6944 0.8955 0.7554 0.5119 0.1321 0.5431 0.2598 0.4408 0.2365 0.3477 0.6309 0.7767 0.1351 0.8895 0.8703
46 46
16.3506
0.8492 0.7316 0.4213 0.8224 0.7157 0.2701 0.2241 0.4766 0.5876 0.5075 0.8689 0.9953 0.1140 0.9770 0.8236 0.6409 0.0558 0.4465 0.2631 0.4335 0.6037 0.8118 0.2571 0.9486 0.6400 0.1566 0.9877 0.2628 0.3001 0.5826 0.5508 0.3944 0.5195 0.9617 0.3073 0.1701 0.3906 0.6094 0.3876 0.4393 0.2877 0.9159 0.3550 0.8347 0.1891 0.3700
49 49
22.6109
0.8186 0.4864 0.0100 0.1235 0.0832 0.4460 0.3290 0.6890 0.2238 0.1855 0.7735 0.1505 0.2337 0.1391 0.6288 0.6219 0.0859 0.6045 0.0742 0.2479 0.4398 0.4071 0.9799 0.4069 0.6866 0.0510 0.6453 0.6980 0.6797 0.8190 0.8117 0.4156 0.5791 0.5610 0.2847 0.2341 0.7679 0.4193 0.5576 0.1454 0.5231 0.7320 0.8791 0.4090 0.4197 0.0326 0.0903 0.2671 0.4523
45 45
16.5470
0.0094 0.5489 0.6685 0.4687 0.4037 0.4904 0.5232 0.2432 0.9339 0.3446 0.2301 0.0011 0.3547 0.0275 0.0566 0.3172 0.8007 0.9212 0.9351 0.4051 0.7856 0.3725 0.7259 0.9806 0.6205 0.0688 0.3611 0.1978 0.8432 0.9778 0.1176 0.4800 0.8232 0.3261 0.6828 0.8104 0.3526 0.0156 0.5968 0.1064 0.7684 0.7962 0.9899 0.0572 0.7767
50 50
0.0000
0.8700 0.8700 0.8700 0.8700 0.8700 0.8700 0.8700 0.8700 0.8700 0.8700 0.8700 0.8700 0.8700 0.8700 0.8700 0.8700 0.8700 0.8700 0.8700 0.8700 0.8700 0.8700 0.8700 0.8700 0.8700 0.8700 0.8700 0.8700 0.8700 0.8700 0.8700 0.8700 0.8700 0.8700 0.8700 0.8700 0.8700 0.8700 0.8700 0.8700 0.8700 0.8700 0.8700 0.8700 0.8700 0.8700 0.8700 0.8700 0.8700 0.8700
48 48
21.1124
0.2435 0.4951 0.5904 0.9199 0.8654 0.9164 0.4709 0.9096 0.8841 0.6254 0.1237 0.3842 0.0641 0.5937 0.0028 0.5125 0.0305 0.1042 0.5456 0.2078 0.9770 0.0905 0.1721 0.5299 0.3801 0.1225 0.5850 0.8274 0.8182 0.9527 0.4352 0.1711 0.0981 0.0919 0.4647 0.6762 0.1121 0.2103 0.0957 0.6294 0.0824 0.1464 0.1569 0.8253 0.7411 0.0378 0.3939 0.5918
1 1
0.0000
1.0000
50 50
21.0528
0.8373 0.5721 0.8195 0.9412 0.9054 0.3194 0.9843 0.1427 0.9120 0.0970 0.1437 0.6124 0.5009 0.3531 0.3874 0.3864 0.3125 0.0609 0.8828 0.3905 0.1341 0.6288 0.5711 0.5558 0.1013 0.7461 0.4031 0.1559 0.3754 0.5863 0.8637 0.3249 0.2641 0.7263 0.5706 0.9340 0.1248 0.2937 0.1687 0.6183 0.3174 0.8006 0.4473 0.1983 0.5670 0.7242 0.6907 0.5052 0.1988 0.9655
45 45
23.2936
0.6206 0.5707 0.1632 0.7676 0.5996 0.2670 0.0298 0.6925 0.1866 0.4578 0.9776 0.2091 0.2968 0.5719 0.7203 0.0127 0.1938 0.3892 0.8696 0.2089 0.1361 0.1844 0.2797 0.1431 0.1487 0.1559 0.3208 0.7266 0.3550 0.9338 0.5721 0.1731 0.5774 0.9878 0.3342 0.1611 0.1234 0.0973 0.3449 0.7995 0.0615 0.0532 0.8753 0.6967 0.6252
2 2
0.3333
0.0000 0.0000
49 49
18.0284
0.1067 0.6878 0.3618 0.0813 0.2126 0.6155 0.9676 0.0955 0.5179 0.5425 0.2383 0.9717 0.4132 0.1351 0.6151 0.9883 0.4865 0.4529 0.8730 0.7726 0.9282 0.4816 0.7197 0.8408 0.3669 0.7666 0.4169 0.8880 0.2444 0.3227 0.5360 0.0806 0.4063 0.0468 0.8865 0.8615 0.3561 0.9653 0.3910 0.4316 0.4552 0.9305 0.0406 0.9569 0.4372 0.1113 0.0387 0.2926 0.3259
