50
18 2662885
10761913 54603564
58270276 34899706
30447818 6708026
54583964 15135223
16209712 15338642
26458699 36232766
1285395 58402934
5547642 43864784
37205920 39829824
22733015 8004192
39834393 53267719
58403578 58459155
47357703 28917994
8672233 46875606
2366858 31191036
30086327 20491099
54822865 53925836
15073863 39578289
5 21972954
74740411 111259380
144057303 59383053
73659011 63926018
121140921 20912365
124019870 52196775
30 101658250
78204153 151145805
307583176 253860243
202494148 93370556
202900829 18203616
10590642 339982731
161443220 258464573
319542959 143129828
167586797 122429632
153571160 236079463
129506484 211434757
283478455 47507706
92776400 257661404
380175052 13739744
259005909 29907352
361382687 289627727
345225584 65593445
42944939 190703794
294401071 49448336
362674884 87668442
100770325 18480057
225656016 289227977
137617047 188994231
67901974 300957726
339988415 178434312
132831662 163277592
342212979 194967283
229274008 78241352
194211537 397845821
192616425 228442839
263429041 385988996
1 54293171
129090374 17992950
23 5358370
25783697 4468986
68940686 22443596
49449993 58321103
9359185 44343306
18817395 69254687
22353944 16709095
20103609 1996648
45021801 67382437
14626103 69205710
33721422 24434170
12842568 2323165
20633026 43364027
16264900 29030104
66607439 37005294
4348646 2779950
17396385 60297
49431401 29805964
30839973 52950994
22011579 18240012
4545502 57843557
2754784 49405323
20655300 26052180
54227686 6744472
4 89843245
247180922 52054762
189472565 201974719
232303868 115080728
182006201 87155761
6 6905651
29905211 69824122
32945210 92251409
39029369 11925960
34707969 62145084
78170875 43739963
86829991 46835894
50 20
8 9
5 0
11 0
9 2
4 9
7 7
9 8
10 7
4 6
9 6
5 10
9 3
3 1
4 11
3 6
6 4
8 0
6 1
7 9
7 3
2 8
6 9
7 8
6 7
3 2
6 10
3 7
0 2
8 2
6 11
10 1
6 5
11 9
0 3
3 3
5 9
11 5
1 8
11 6
7 2
7 0
1 1
5 6
8 6
11 11
4 1
5 2
8 1
0 9
4 4
18 1
0 0
0 1
0 2
3 3
3 4
3 5
1 0
1 1
1 2
4 3
4 4
4 5
2 0
2 1
2 2
5 3
5 4
5 5
3 73024311
70170900 295190377
392397038 229174606
357319029 60595391
15 11559273
49987969 29470600
64063113 4336518
71085122 61848358
2159932 22559981
7103992 26818375
3002492 65670172
47620387 6649084
35614398 33393489
40932194 5359823
4707307 14752536
21199699 41630364
43099569 41468543
48743070 67168299
51433385 7946389
358816 72256110
14 65824308
322339524 392308135
80393748 236723686
103703891 26704193
227463815 164092728
43069342 229613918
356909917 269369496
69549696 245992713
201760623 310858085
115017493 346947619
10303184 324619307
144053359 362186517
304504014 371809684
156153449 324841142
5263434 270150657
18 1
0 0
0 1
0 2
0 3
0 4
0 5
1 0
1 1
1 2
1 3
1 4
1 5
2 0
2 1
2 2
2 3
2 4
2 5
14 2
0 1
0 2
0 3
1 0
1 1
1 2
1 3
2 0
2 1
2 2
2 3
3 0
3 1
3 2
2 1
100 100
200 200
16 1
0 0
0 1
0 2
1 0
1 1
1 2
2 0
2 1
2 2
2 3
3 3
4 3
3 2
4 2
3 1
4 1
26 22496065
140327268 143756842
176544775 70501272
136946708 64246881
135943564 52306575
3806525 31243027
76187709 197004394
152896461 101657975
99663469 61206551
112656793 14352224
163097059 160373917
73010839 49463988
136811147 185946925
81745528 76083517
62177311 101292198
133603542 100277857
41698306 194702428
4204197 142792149
157478277 128577873
120317128 61503152
58338901 153251492
124177105 57416666
117556293 19066118
18012884 73467043
132959860 197734502
95878000 169002971
187507055 78341879
7 6
8 5
3 6
9 2
4 5
3 2
1 8
2 8
20 34481756
214811084 164901336
210467748 184852625
151644806 155515780
135042577 76343388
5254956 2843948
96978752 206468521
30769971 31440912
100129837 96095105
143198742 129547136
211931764 199453624
45372062 123260719
146668294 199101474
15715699 166483537
77982681 117482397
191263297 41013017
93639320 166146131
125346870 46293359
133503565 34750006
12532938 168772344
125811000 156709774
17 82754059
183043611 235876347
173369570 221155116
274417481 106652147
310616721 282567588
292144254 81474493
302397521 150314290
162381276 107472764
79426588 32870199
218192279 10171985
148485965 166789649
45151151 276014144
144351554 142822382
131149768 166456935
302171835 272013722
225885423 170469518
25397177 276712545
131217796 103948212
29 84829900
205607117 193158018
34446166 244579642
175646855 139422216
310603429 266352798
253170422 115954080
347021504 210725269
54817960 59724869
266894959 74801001
176120722 319405355
150660059 130563161
234489937 277220508
107137637 250743234
343320587 347654964
229023891 106970154
29510452 263129653
68722853 282489705
197796717 311942984
131584838 216200501
184215686 73353489
332749470 60420936
324014116 44836333
190892484 276161456
282860670 354623243
109246673 214460275
81875969 296759844
312095120 250334940
271243668 143099032
109363793 161994278
325028853 347018087
18 2
0 0
0 1
0 2
0 3
0 4
0 5
1 0
1 1
1 2
1 3
1 4
1 5
2 0
2 1
2 2
2 3
2 4
2 5
22 12831146
55470245 9220616
48539025 76324648
52157672 42587837
7967047 2278982
8587601 27351620
53252894 21691206
37065870 52857632
4064038 53388249
75452122 51130683
5786342 41316092
30489118 83095143
74617234 47597071
43776239 53361689
24567476 59777734
31800666 63782875
41902752 29336853
23327228 17952056
27563990 52830840
40566403 36072460
24175030 77005525
20902550 19145698
48532158 60465340
7 3
1 5
2 3
2 1
5 1
6 3
4 4
4 5
28 44767505
181186924 144767130
242133347 119861799
159834697 184893063
357616997 307356452
205278980 250402163
52847692 94187684
276232156 245784292
344639144 104770811
33524714 44791221
196520427 193881106
56409384 314319676
14663493 263307435
323494763 163833938
90095570 360056251
283345269 112832941
256515477 248554112
291349642 47326257
183406311 293652671
337107342 23189877
5645789 27147892
296911182 318854600
337286663 292437817
230945478 341003225
251681383 20321545
17429490 125142665
102722598 357471324
27356879 3019067
102164736 25408749
18 2
0 0
0 1
0 2
3 3
3 4
3 5
1 0
1 1
1 2
4 3
4 4
4 5
2 0
2 1
2 2
5 3
5 4
5 5
50 17
5 5
6 9
6 5
3 9
2 0
6 8
7 5
10 1
4 3
2 5
3 5
8 10
1 2
10 3
8 8
9 9
10 0
7 4
3 0
0 0
10 5
4 4
7 2
4 6
2 2
7 1
3 2
9 1
2 1
0 5
5 1
4 1
2 3
8 1
9 8
6 7
8 0
1 9
6 0
8 3
3 3
5 3
9 0
2 4
9 2
10 4
7 7
9 4
1 8
1 6
28 54858582
52075502 315598868
436177677 119693987
288430312 47915885
459693342 264524096
10680272 236834385
193620415 223048578
377386090 105201669
146905779 86515517
5996768 146446302
317876114 114077373
417738996 136888633
333510812 164586072
418894984 188063534
90728826 164777879
198941448 107990966
273453004 431663876
303368247 69625242
151641820 402508096
319037433 155356190
257647635 98425923
360855520 353853828
46086271 127206698
401762485 296669731
220459884 269381659
157446580 374921851
150237516 193504112
437778128 44296620
292524285 201721232
25 22732507
60577390 4437494
6230423 31330397
51887708 31933995
1825734 26141505
60486128 35249030
43955744 64555321
79082221 12448013
63583240 70873299
32742397 23757754
61237690 62173739
31170681 56348192
44344512 20485848
62709329 28449876
15709283 52233139
15738778 32305843
12136267 7567217
911724 26973594
57211718 66261140
18975257 24607680
77847562 77426846
16161744 18219568
30677162 69812641
79163490 465377
5316132 4993634
41529121 41099507
13 9509776
11096878 63489342
49060702 55508332
23618998 52252892
3891449 63928292
47467711 13872270
6058434 33984093
1663745 51854366
49756843 34828937
9046444 59272788
54810047 17878647
30774384 18220628
27014896 61833398
21402968 45600085
18 97974877
253271650 468528458
480554483 304024396
488029485 260079716
486510623 411087804
192411955 183789672
268122894 25461371
318393717 47776713
199601969 474873562
369787200 482347701
213441932 445266632
316938494 491161668
76757717 99213288
115983157 301752733
142357849 93090296
216133483 201999201
258809726 364060678
292156352 377563690
2485749 127018405
50 8
2 3
11 15
0 5
0 0
15 5
2 7
11 5
11 11
7 2
2 11
6 11
10 9
6 14
3 16
5 13
16 9
8 0
10 2
15 9
5 4
1 2
7 4
3 13
4 12
3 9
11 1
15 8
1 0
3 10
7 0
1 13
16 16
16 4
15 13
4 7
3 4
14 15
13 13
16 8
9 6
14 10
7 3
9 13
3 6
12 13
12 14
6 9
15 10
0 1
1 9
50 19
8 3
5 8
7 12
7 2
6 4
13 7
10 13
9 4
3 10
3 1
9 0
3 13
0 13
9 1
9 13
12 4
13 4
4 4
4 6
1 5
7 4
13 2
0 7
4 2
3 11
10 8
2 7
5 9
4 5
1 2
3 8
0 8
10 4
6 7
2 8
10 1
9 6
6 10
4 8
6 8
7 6
4 1
8 8
1 10
3 6
1 6
8 10
13 6
8 13
9 10
1 1
100 100
16 2
0 0
0 1
0 2
1 0
1 1
1 2
2 0
2 1
2 2
2 3
3 3
4 3
3 2
4 2
3 1
4 1
50 4
11 6
2 4
14 3
12 11
12 0
15 10
6 6
8 7
15 15
14 8
3 7
9 10
11 9
5 11
3 4
8 2
4 15
8 3
14 0
13 8
8 12
6 2
13 3
11 3
13 7
7 8
7 1
5 10
8 0
12 1
8 10
7 15
8 8
0 3
0 11
1 13
1 10
10 2
6 8
7 11
11 15
13 14
0 8
2 13
11 4
2 5
5 5
3 11
1 9
2 10
1 6583114
112222962 83166220
24 3344937
21289585 26274613
7062274 26646895
48560245 1025877
40975875 11119135
17322804 12187835
26593000 3997900
26371100 38810501
40675593 29236984
42637554 9661348
25533491 41352394
34183254 8478090
8065291 29405575
41097022 47673667
9865294 39088031
13176181 18975489
36334608 333255
70567 46697156
46468509 47108149
45543068 38600997
18836736 35675383
45667202 6881856
157090 16837617
32280162 48816700
48575113 12709361
28 7010298
20259010 845744
28887952 28986004
1638618 27969512
43477242 54794457
17324934 54103948
46135454 48357062
18166050 54103977
22425308 15872568
1554006 8463319
9075641 43835253
23879253 45583195
19155511 52813269
28573311 36008541
31329856 33816781
28299879 40743296
14062012 26414169
29273006 6968099
11274178 30489222
46660174 3307444
22164714 20591065
52308531 38543916
10298817 12145951
37801155 17437866
52073622 3637010
4880511 11939440
7275249 46476581
44435393 4963060
20003619 21673261
4 1
0 0
0 2
10 0
10 2
4 2
0 0
0 2
10 0
10 2
7 3
8 5
3 6
9 2
4 5
3 2
1 8
2 8
50 5
3 15
10 16
9 4
6 15
4 8
5 11
0 1
16 10
17 13
15 10
3 1
11 11
13 18
13 11
13 17
8 8
7 15
6 6
2 4
15 3
12 10
18 11
17 6
8 18
17 3
5 4
11 2
6 1
2 9
9 10
3 8
2 1
2 3
7 9
12 2
13 0
8 11
3 4
18 9
16 7
11 18
17 2
8 12
16 12
4 4
0 2
7 13
15 5
0 11
14 1
14 1
0 1
0 2
0 3
1 0
1 1
1 2
1 3
2 0
2 1
2 2
2 3
3 0
3 1
3 2
50 8
11 8
9 15
14 17
2 9
1 7
15 13
16 10
9 12
11 7
7 13
17 10
1 16
7 11
8 7
16 17
15 16
10 7
16 1
10 0
13 17
12 17
3 4
14 15
2 11
6 5
12 4
3 13
1 8
0 8
14 8
2 2
16 6
13 6
3 11
8 0
2 5
4 6
4 9
17 11
5 5
9 2
7 0
17 0
8 8
8 2
0 1
1 6
2 14
4 11
15 1
24 114695131
274268466 287113504
279875353 138632994
44617456 54392095
190220632 164002603
3081360 286921770
186166603 52283132
244758554 72617845
234909297 210952714
198236153 238584029
43391265 137155323
153151703 21949888
88813755 60654852
227552725 10460520
250063599 143278451
29229860 179639522
146977833 270695625
194475523 48733997
135887896 920447
253765845 265126798
46650394 37266025
83650398 68968768
183755014 177968568
113797274 246700617
125009109 147040090
3 1
100 100
200 200
300 300
7 47181579
210244121 116087520
170368931 200603904
251841970 123925273
19035462 228359103
21985324 68714259
107081716 119997842
219561976 193881654
50 6
0 0
11 7
0 11
9 14
2 2
3 3
0 13
6 4
11 8
2 10
11 13
0 8
8 3
9 2
14 8
1 9
14 14
2 9
3 7
2 5
0 4
13 10
9 5
10 5
0 12
3 5
10 14
3 14
10 6
13 7
4 1
2 3
1 13
3 2
12 4
11 6
11 14
9 8
14 12
4 13
4 8
3 8
0 9
1 1
5 3
12 9
6 12
12 11
12 13
8 13
50 4
9 6
12 8
6 0
0 3
12 11
9 8
0 5
2 3
2 5
2 2
7 1
12 9
0 9
6 1
0 2
10 12
0 1
12 7
12 3
12 1
0 0
11 0
12 10
12 4
12 5
1 1
3 1
4 4
9 4
0 10
3 5
11 11
1 9
11 1
3 4
10 5
10 7
8 9
8 1
7 7
7 6
5 2
5 3
6 9
9 0
12 12
0 6
7 0
1 11
4 10
