100
4 3
4 5 6 4
4 2
4 5 6 4
3 3
1 1 1
2 2
83 13
2 3
20 65
100 4
53 23 68 25 7 38 45 6 49 9 97 81 31 81 54 17 6 49 61 73 47 41 25 1 82 63 6 18 17 35 44 81 42 26 13 29 54 61 53 73 21 40 33 23 21 17 59 29 44 78 60 61 71 45 58 75 3 25 81 21 19 10 85 51 35 71 46 71 89 37 43 10 57 78 71 81 13 76 95 44 7 53 93 41 90 75 61 9 25 97 95 50 42 13 22 10 33 81 73 1
17 4
54 73 2 67 66 89 62 10 45 59 71 67 1 29 89 42 35
100 2
61 40 39 14 14 53 18 88 69 16 19 93 63 29 16 58 5 72 63 75 12 30 73 23 94 88 71 53 27 61 66 42 60 53 21 31 89 58 15 1 42 27 44 46 70 38 59 75 78 51 10 98 87 9 17 93 26 47 60 30 92 89 98 77 95 38 20 51 42 66 2 49 33 81 98 2 65 70 26 95 61 42 47 99 40 17 68 16 7 2 29 46 78 92 70 92 67 69 71 88
23 4
83 73 45 93 67 89 21 66 82 75 27 58 20 43 11 90 79 43 9 75 29 13 2
3 3
23 89 20
22 4
15 73 2 65 29 74 21 45 38 1 69 19 65 55 17 13 35 89 45 46 81 39
1 4
69
100 4
89 94 61 41 19 93 89 21 45 69 87 50 89 5 53 90 41 81 17 74 37 42 93 57 54 38 61 33 37 33 82 5 9 69 49 82 36 19 78 73 34 77 17 32 41 69 67 53 21 30 71 61 85 9 49 17 65 89 25 97 13 49 86 25 25 57 33 66 54 36 61 65 47 10 43 69 33 65 81 37 47 93 13 29 46 53 33 38 85 94 18 47 53 21 89 9 28 73 89 73
29 4
51 47 68 49 91 15 51 51 87 51 39 27 55 22 22 27 61 15 37 75 19 73 91 41 6 71 65 19 39
18 2
56 20 58 47 91 6 22 83 72 2 17 96 21 62 36 37 83 9
11 3
55 20 46 11 58 53 35 1 29 43 76
1 4
34
19 4
67 85 5 75 5 65 97 3 39 10 47 53 35 87 45 21 7 76 47
17 4
3 93 34 45 86 52 49 13 71 18 71 83 18 31 65 31 21
100 3
17 9 29 19 23 30 66 88 4 12 79 59 11 8 75 76 85 81 31 88 89 13 16 62 15 45 10 59 7 90 78 11 73 97 58 56 96 66 95 76 18 22 24 9 62 94 27 26 89 23 32 24 98 26 31 17 8 72 96 50 80 85 60 69 46 51 41 64 21 3 7 91 50 90 72 76 54 5 10 66 97 13 26 88 12 11 17 36 92 21 5 14 80 13 3 31 18 4 7 28
1 3
80
21 4
51 93 38 97 45 31 35 24 72 1 85 73 87 9 7 12 61 17 52 75 57
33 4
25 5 89 29 69 9 25 29 33 31 49 7 33 21 85 87 64 19 29 28 93 69 17 86 5 80 32 75 93 4 79 1 75
18 4
29 75 53 43 39 33 55 15 97 75 45 60 1 3 33 71 1 39
17 2
77 62 88 78 43 36 30 59 24 84 75 31 61 66 24 42 23
2 4
69 49
11 4
3 39 67 51 14 77 91 53 93 5 61
17 3
92 35 85 50 73 61 19 83 98 88 16 83 88 29 11 14 80
23 4
72 79 76 24 71 9 95 93 35 77 81 55 80 45 59 84 70 17 67 45 39 49 57
100 3
70 68 32 94 89 1 79 34 61 94 2 46 46 75 55 66 93 91 21 67 97 33 63 22 68 73 11 22 56 48 31 46 88 16 70 93 40 49 40 48 46 66 64 97 58 20 40 66 65 43 37 39 13 40 79 10 79 4 88 44 55 76 94 19 81 87 59 74 62 11 56 61 1 7 40 91 64 59 7 49 76 26 26 23 88 58 16 19 47 40 83 21 13 7 15 25 17 32 68 25
100 3
2 67 49 82 94 56 40 61 88 83 46 49 76 81 86 29 51 52 79 85 89 71 80 24 98 1 43 65 61 89 61 55 46 14 88 85 13 28 20 68 68 59 25 61 43 12 41 1 16 23 39 83 1 61 64 45 24 78 90 58 53 58 58 28 85 21 6 82 12 64 79 97 73 5 56 75 82 20 94 68 52 97 71 49 65 22 82 43 91 22 1 92 76 7 58 69 25 25 86 28
3 4
27 83 59
22 4
95 7 24 16 51 13 21 49 19 19 17 5 95 67 97 39 12 67 9 52 16 77
100 3
4 7 8 59 19 40 4 94 1 55 85 34 15 97 67 19 17 62 70 67 4 16 97 13 78 97 67 70 73 64 14 79 40 23 34 34 17 67 67 52 10 46 41 57 13 4 72 27 16 82 63 50 64 77 56 52 24 91 14 88 27 23 30 82 67 95 34 62 40 14 10 41 97 4 34 97 47 88 73 37 26 86 55 44 85 70 73 55 73 50 10 44 79 40 82 43 3 69 82 90
33 4
73 39 91 17 45 19 93 1 9 89 93 85 34 54 67 73 49 6 37 7 65 97 82 33 23 73 69 31 53 65 80 43 85
16 4
55 21 1 36 19 95 4 35 86 37 60 11 21 67 77 9
16 3
65 34 23 61 13 50 71 70 14 7 28 70 44 46 7 25
14 4
62 5 42 51 66 91 26 51 65 39 47 33 33 77
100 4
46 72 80 5 27 13 84 24 3 77 68 53 19 89 38 59 30 97 4 3 17 14 19 29 72 43 43 38 80 53 52 53 92 60 58 74 79 54 65 32 31 15 77 84 30 96 28 46 3 45 38 27 31 25 27 58 28 27 26 54 57 50 95 64 37 32 37 92 18 43 44 50 41 76 78 64 58 63 45 9 64 59 40 83 50 79 46 34 85 85 49 79 89 18 3 23 5 14 68 66
100 3
86 18 3 11 49 76 40 95 47 62 23 39 50 43 29 35 67 20 50 65 95 5 67 26 74 97 44 47 17 50 38 31 80 62 4 35 70 44 64 5 3 83 67 39 28 47 41 52 2 98 41 44 65 62 52 89 32 7 38 88 38 86 17 88 94 11 43 98 32 77 32 98 92 16 89 89 97 38 49 85 75 86 80 92 26 32 47 21 26 53 32 71 80 55 73 92 85 35 23 4
2 3
79 67
100 3
11 81 73 56 92 8 20 62 38 65 41 41 23 45 71 82 19 38 8 16 7 15 74 8 58 93 65 22 23 74 98 13 8 74 17 19 91 94 61 47 56 47 95 76 43 59 38 79 7 50 83 34 37 83 6 77 41 50 26 55 7 86 14 34 74 86 78 83 69 83 98 83 55 83 71 59 53 34 50 97 56 26 76 53 2 28 75 50 91 50 21 45 86 17 49 50 62 59 8 45
19 3
32 1 62 75 88 46 32 91 11 49 23 89 68 18 13 58 43 11 32
32 4
69 27 7 11 91 33 15 87 87 84 61 92 39 43 65 71 25 37 95 88 20 15 55 73 3 63 11 23 31 3 63 52
20 4
52 35 52 11 39 89 7 91 25 41 81 39 43 1 63 77 92 75 44 75
100 4
39 79 58 27 79 3 14 10 30 10 91 82 94 35 33 67 42 67 55 55 52 59 43 90 75 38 87 51 63 50 31 53 46 41 83 90 7 9 71 79 79 36 50 78 6 91 39 55 43 59 3 50 21 34 43 94 83 76 93 35 79 19 60 71 23 47 54 83 28 51 35 47 19 63 19 75 6 79 67 71 77 47 79 96 92 36 81 29 18 19 69 44 92 31 35 53 55 80 49 17
14 4
61 78 53 23 71 1 11 3 57 19 81 24 15 61
3 4
6 70 10
17 3
92 88 49 47 98 7 11 44 61 11 71 46 65 5 59 57 50
100 4
39 57 54 47 81 7 51 39 10 5 27 22 37 83 78 43 75 58 57 27 97 62 33 35 10 55 82 71 95 7 50 72 77 83 58 3 59 18 3 55 23 71 43 55 11 31 27 95 3 11 2 31 42 72 35 50 55 5 72 27 11 27 63 44 46 14 94 77 27 88 78 3 22 35 35 46 79 64 18 42 4 46 23 12 90 35 19 81 31 95 39 21 97 19 34 16 47 23 88 47
25 3
6 61 15 25 24 31 83 31 91 68 76 25 28 46 7 44 70 76 63 74 79 5 40 37 47
100 3
56 31 11 11 37 12 59 15 97 56 16 64 61 6 4 55 8 20 70 7 28 66 10 46 25 91 23 68 71 47 34 49 44 77 13 97 34 26 67 13 97 56 76 83 26 70 34 37 73 38 31 60 49 1 53 98 77 34 79 97 28 4 5 74 76 62 40 34 87 13 10 7 62 63 59 65 79 19 85 91 88 40 61 76 7 22 33 35 58 51 61 70 65 88 20 80 26 67 25 79
30 4
31 65 51 31 41 71 91 79 35 63 19 27 55 29 15 23 5 81 39 39 78 85 51 95 67 31 66 34 54 86
18 4
43 33 69 57 93 33 37 15 3 17 65 53 69 49 45 83 81 11
28 4
12 47 2 69 29 67 16 31 63 4 63 75 9 60 36 81 11 25 89 50 78 93 97 15 30 86 78 93
100 4
58 91 85 39 11 45 77 29 55 43 14 3 75 69 62 42 17 91 34 79 30 13 78 34 21 11 70 87 11 65 81 53 77 6 29 34 59 37 89 95 26 11 43 29 69 73 49 14 93 55 2 30 11 61 53 51 86 90 10 70 69 75 27 18 26 38 71 1 2 3 46 1 83 30 66 43 81 1 77 66 17 42 83 9 38 31 29 43 13 7 23 86 66 14 29 51 37 26 75 87
1 2
14
100 4
47 53 13 53 83 29 74 58 82 26 89 7 95 43 59 10 69 86 5 67 78 29 70 49 19 91 47 83 66 10 93 49 57 17 87 73 70 37 85 42 9 42 2 22 71 63 26 14 75 61 15 81 46 97 21 51 47 95 65 5 35 61 5 10 79 67 55 62 93 64 90 70 3 50 39 83 25 91 69 63 49 58 45 2 46 59 35 70 26 90 67 77 85 3 10 81 34 42 58 75
23 4
97 90 7 63 17 3 78 75 68 68 29 39 49 51 80 13 53 85 52 90 57 93 93
100 4
30 69 5 71 89 2 2 13 46 31 78 37 59 84 10 75 47 65 75 54 97 97 45 9 1 33 87 77 25 54 53 81 91 74 49 41 13 70 94 95 69 3 12 40 97 79 69 5 53 7 17 57 7 19 19 93 21 53 73 21 1 93 42 38 6 77 66 33 41 3 73 37 88 23 57 17 97 91 73 56 53 81 41 74 22 35 34 85 91 45 25 11 7 49 65 69 89 65 5 87
19 4
73 14 77 86 48 35 47 77 85 92 38 47 46 77 37 31 12 75 79
1 4
19
100 4
66 11 19 26 89 42 19 21 21 71 83 35 71 57 47 89 75 39 9 19 23 67 30 58 23 47 95 75 74 43 95 51 87 70 71 6 75 84 15 63 27 74 69 50 69 50 95 22 23 84 1 62 90 30 21 55 83 74 30 95 69 47 75 15 60 2 71 70 19 22 51 68 63 83 42 95 14 53 27 66 71 30 19 22 55 27 53 59 51 75 61 93 58 39 82 31 86 7 53 11
30 4
69 59 35 66 19 85 5 3 48 55 31 55 39 69 3 55 79 3 63 27 27 57 69 87 63 39 21 51 85 67
4 4
47 35 87 19
11 4
93 15 29 11 59 77 91 73 27 81 1
100 4
33 57 61 27 14 96 20 61 5 33 19 29 22 33 53 54 18 1 33 83 13 2 89 22 77 37 73 53 37 5 48 30 96 89 78 23 34 41 47 61 71 12 81 39 97 53 81 1 84 43 86 49 26 21 14 20 15 3 93 58 29 20 79 95 84 41 10 93 25 62 30 5 4 46 65 2 58 58 81 90 65 41 5 57 61 33 70 75 31 69 54 55 51 55 45 37 59 19 67 70
100 4
5 89 55 2 62 17 43 48 33 33 40 82 37 90 30 41 97 10 70 62 38 60 25 91 77 76 3 21 53 29 3 25 86 5 52 66 43 57 91 26 10 61 27 5 59 45 85 5 89 26 44 85 61 33 77 29 74 13 49 41 83 62 38 71 42 17 60 73 45 35 29 19 31 26 45 83 86 21 97 45 81 7 64 63 86 61 86 97 29 26 57 53 67 78 5 61 14 13 59 25
12 4
79 47 41 35 79 69 5 15 17 2 11 45
1 2
51
100 4
66 69 69 89 81 17 34 45 13 95 11 21 14 39 65 49 53 77 14 59 85 16 59 29 11 43 61 45 11 78 61 36 81 43 77 41 10 18 89 29 5 67 58 97 21 13 29 69 22 96 9 97 22 45 1 57 7 39 13 21 12 34 21 73 41 86 39 21 93 1 25 14 57 21 63 45 26 25 42 71 45 92 52 57 62 38 33 75 18 13 38 9 17 52 30 39 49 62 23 43
10 4
35 1 93 89 61 3 47 25 71 71
37 4
19 63 19 97 19 29 91 2 95 55 32 87 29 55 40 73 70 67 52 76 43 82 39 55 15 13 53 67 8 23 97 86 10 59 19 83 19
14 3
1 56 47 19 79 65 94 61 4 62 47 55 83 29
2 4
95 59
100 3
4 83 64 62 32 47 78 5 77 32 89 23 98 4 91 9 95 30 47 5 18 65 80 37 95 51 38 40 9 26 93 83 79 4 53 20 77 35 1 95 65 8 83 74 35 68 59 78 95 80 22 82 50 26 2 41 80 81 92 7 38 71 31 38 92 7 16 71 43 3 62 8 2 2 86 88 7 4 2 5 17 58 35 79 52 32 93 58 44 38 92 7 85 85 20 62 9 20 56 5
1 3
90
16 3
40 26 10 61 95 24 17 35 13 46 16 22 18 14 65 44
100 4
82 57 41 5 57 45 37 34 82 5 17 54 29 41 58 78 77 66 42 18 25 4 9 81 39 49 61 77 57 41 69 89 6 23 25 49 17 27 3 63 79 4 51 79 81 33 10 53 49 14 15 37 41 26 18 85 1 57 79 59 66 97 53 49 65 33 41 57 13 26 32 45 38 30 45 90 69 85 57 49 41 61 37 14 42 18 28 43 94 23 89 41 93 39 69 14 13 78 2 2
29 4
29 47 83 59 33 15 55 3 65 31 75 75 55 67 95 64 19 93 5 31 77 11 13 35 15 91 57 27 11
100 3
73 22 98 94 23 82 20 61 88 61 5 64 89 64 26 8 1 22 85 76 8 47 35 68 31 70 1 74 43 80 64 94 53 47 58 22 19 35 77 13 97 34 14 25 29 94 64 32 17 91 97 61 47 16 16 52 79 16 53 49 79 86 89 35 95 38 29 95 98 8 95 1 53 76 28 95 20 41 19 41 61 65 17 37 34 46 68 34 53 98 1 59 70 67 73 4 20 1 61 61
2 4
66 30
100 3
64 21 76 1 79 49 4 1 73 2 40 38 73 4 23 13 28 14 18 94 77 80 16 64 13 98 24 16 75 4 64 32 50 17 25 85 13 67 16 13 13 61 91 94 52 16 76 44 67 79 75 7 91 59 61 10 3 43 43 55 53 73 49 34 2 23 89 2 36 94 91 16 10 2 61 94 97 56 34 64 95 38 88 40 1 16 2 32 67 88 1 23 50 67 77 76 84 46 98 55
19 4
9 17 15 87 7 67 67 69 59 14 39 27 65 3 43 33 91 35 87
13 4
44 29 97 89 25 35 87 23 91 15 59 37 57
100 3
66 69 42 42 1 13 5 12 53 88 7 13 56 45 40 77 43 83 65 79 29 82 76 5 1 46 64 7 52 85 20 85 85 64 5 22 1 58 23 10 94 73 15 87 82 61 29 19 24 17 94 25 94 16 40 88 37 40 82 55 20 23 40 43 26 88 49 4 70 91 57 7 52 86 85 22 91 55 70 1 78 46 7 34 88 98 76 37 43 43 9 91 47 26 40 64 11 13 16 33
1 4
96
26 4
23 11 7 15 7 65 79 11 47 3 83 11 31 59 53 45 49 7 59 43 71 68 7 97 41 51
100 3
34 65 10 23 19 62 59 38 56 95 46 77 19 54 86 88 20 66 88 9 93 50 52 53 86 89 59 22 82 2 83 23 70 23 28 52 10 18 41 47 62 95 27 76 46 26 32 29 59 80 28 15 23 49 32 65 33 32 14 41 79 5 48 23 23 56 32 32 78 86 83 5 29 1 89 43 54 53 5 9 35 47 25 29 32 8 34 35 52 25 94 41 36 53 3 57 95 74 73 29
100 3
40 91 34 34 44 2 10 55 85 82 55 4 1 78 13 43 82 2 4 73 64 17 14 38 3 28 4 82 35 59 20 90 13 16 79 51 53 67 7 37 80 59 25 94 70 13 97 55 10 93 40 1 42 11 89 76 1 65 43 46 71 33 94 9 85 97 83 7 50 91 55 10 6 89 2 12 65 67 82 92 65 7 68 67 19 85 22 4 46 91 64 92 94 66 29 26 73 76 31 49
23 3
86 5 55 16 44 1 82 82 10 4 23 13 67 25 47 69 37 76 13 89 10 46 37
18 3
11 22 23 85 67 59 83 16 70 63 77 73 76 32 85 80 56 94
17 3
46 4 4 74 51 29 35 53 79 74 64 41 49 11 53 79 73
27 4
13 93 41 57 9 21 31 19 77 3 27 5 29 41 68 73 31 33 49 89 69 83 53 13 54 89 41
1 3
16
15 4
69 12 91 49 88 16 21 31 79 47 5 27 9 17 31
100 3
2 92 71 1 5 40 37 41 88 68 35 73 11 65 74 85 8 13 20 46 28 62 94 25 77 44 4 56 20 97 46 58 44 34 25 98 73 13 44 20 91 4 29 89 53 2 17 7 40 23 88 56 55 43 10 80 76 73 58 8 79 82 71 58 16 49 79 14 2 17 65 77 5 97 58 22 29 56 13 16 7 73 22 32 86 97 17 50 98 37 86 38 8 59 82 64 40 95 88 56
26 3
37 48 31 62 42 7 83 16 37 55 50 76 80 62 59 13 76 4 19 28 4 46 64 67 56 46
25 4
93 83 11 13 81 83 1 41 93 93 51 73 33 65 77 5 23 17 37 49 43 77 89 61 89
26 4
65 65 69 93 71 61 86 29 33 45 61 41 69 81 97 65 35 19 37 9 39 17 57 77 91 31
