100
4 3
4 5 6 4
4 2
4 5 6 4
3 3
1 1 1
100 3
74 24 49 29 59 4 88 2 10 89 28 70 49 8 4 73 94 34 92 70 73 43 42 2 4 28 80 88 85 16 55 85 3 31 64 82 46 14 8 82 82 16 2 65 24 64 19 64 52 37 37 4 64 14 49 85 2 52 88 22 84 85 19 22 70 38 96 52 34 19 27 22 98 53 31 8 88 82 13 82 73 61 40 70 24 41 67 91 58 85 46 37 34 41 71 68 52 34 17 76
1 3
36
100 3
85 86 5 36 83 44 47 34 41 47 8 47 92 77 38 85 19 41 39 74 32 76 44 98 14 55 77 29 16 80 26 65 23 77 8 5 56 83 89 80 31 91 71 92 52 14 87 79 65 54 24 59 44 98 67 35 74 33 65 34 16 41 92 89 65 64 13 71 35 22 88 87 53 4 15 77 27 35 58 38 29 2 37 80 85 95 17 58 49 83 41 97 41 1 47 8 44 90 23 97
100 3
34 47 24 28 4 26 2 90 53 14 92 26 50 79 2 74 85 13 59 94 52 68 23 21 42 88 71 87 71 17 5 5 65 62 95 40 52 95 96 89 97 41 78 79 8 77 68 73 92 62 62 45 49 13 94 53 35 88 73 76 26 22 59 59 77 74 46 61 98 47 85 63 21 68 23 23 77 9 34 29 32 36 16 17 83 41 83 62 17 98 19 64 68 50 94 11 46 76 83 74
100 3
15 7 70 85 30 45 41 95 67 76 61 54 8 8 19 58 10 63 4 91 22 32 7 37 13 79 58 28 13 71 37 1 97 87 23 46 20 5 77 91 45 82 13 30 31 92 17 67 76 9 16 94 70 97 61 12 47 11 94 34 34 93 37 61 13 31 82 29 22 16 82 25 28 72 22 41 34 35 65 82 91 2 34 88 65 31 34 17 56 1 56 43 97 43 10 5 10 19 10 30
100 3
29 2 95 73 17 70 19 91 16 43 89 65 58 62 31 74 67 8 29 79 1 83 92 16 13 34 8 32 79 91 67 98 40 61 61 64 49 8 4 65 38 10 94 71 29 26 22 95 83 82 7 13 86 88 17 47 59 85 19 56 64 4 14 62 98 23 1 4 43 23 35 40 83 55 67 64 64 58 4 79 8 62 13 59 73 41 8 37 23 95 17 65 44 8 46 31 23 14 89 29
100 3
40 95 95 60 24 77 47 20 64 88 4 16 16 61 17 8 31 52 57 10 65 74 80 5 85 35 88 35 34 74 74 43 94 18 43 64 40 55 8 55 79 73 10 52 82 38 28 85 60 65 1 53 61 49 10 95 25 13 1 17 31 7 55 19 64 70 39 79 72 88 83 78 46 25 76 77 32 37 41 40 72 16 37 65 94 60 31 49 97 80 52 71 41 19 16 61 53 18 38 18
3 3
20 17 95
18 2
14 72 2 21 8 21 59 23 22 70 4 16 23 75 5 80 22 26
100 3
76 70 37 74 22 17 83 16 19 25 59 79 68 29 33 80 17 69 94 42 38 81 50 31 97 43 94 12 66 68 46 32 2 34 32 81 89 56 46 50 55 20 52 95 58 65 4 22 98 19 13 55 1 19 22 35 32 38 4 64 1 84 88 97 46 75 49 2 31 70 73 17 68 14 81 35 18 22 64 46 4 51 22 76 2 94 21 43 26 95 49 87 79 22 52 52 7 52 47 66
100 3
83 97 11 17 11 54 14 5 58 55 8 80 61 64 49 44 60 41 77 24 43 32 23 38 76 82 77 53 52 86 77 3 85 63 77 53 26 41 2 92 75 32 89 7 20 95 28 2 56 4 94 61 59 21 8 40 17 65 64 16 87 67 8 19 19 95 98 59 5 93 46 33 57 98 79 97 1 34 91 35 54 76 43 58 13 93 89 20 26 11 86 80 59 80 14 79 14 7 30 38
100 3
40 79 8 56 91 58 76 61 31 50 23 86 54 65 50 94 19 97 18 71 5 79 95 98 41 59 67 97 82 52 46 89 44 58 16 35 67 52 10 61 90 7 58 52 59 61 4 67 94 55 17 37 10 43 21 16 30 61 22 23 35 79 21 79 7 11 84 8 92 70 29 88 50 88 31 86 13 17 88 79 18 95 16 62 59 67 65 8 92 68 63 22 46 58 89 23 71 28 59 94
100 3
13 65 13 23 5 29 61 25 34 49 73 65 17 98 31 24 58 55 61 63 37 70 10 34 85 46 20 94 49 88 73 93 70 82 42 52 98 76 13 31 31 16 62 7 73 71 85 94 11 42 19 76 73 43 85 88 88 64 67 67 1 48 65 82 55 23 77 76 13 20 77 95 37 29 76 32 67 85 39 65 27 72 72 16 75 22 79 91 82 22 51 98 10 73 59 86 37 85 85 83
25 3
23 37 50 74 19 35 26 32 38 25 5 49 43 11 89 26 34 29 53 20 35 27 32 25 95
16 3
82 91 8 86 56 69 71 62 69 88 21 1 41 55 25 45
100 3
11 86 92 96 74 44 89 31 24 41 4 23 79 50 70 52 26 85 20 92 25 88 36 14 40 41 48 9 44 52 5 51 92 26 53 17 23 86 44 92 38 27 27 89 68 65 14 43 56 2 95 52 53 2 75 49 23 80 95 29 26 53 43 63 10 84 74 25 91 17 37 65 59 5 77 16 25 8 19 73 83 38 41 38 26 98 35 23 53 53 97 94 46 14 50 94 71 53 14 77
12 3
64 31 43 29 94 83 17 82 1 29 44 2
1 2
92
100 3
79 52 17 64 95 98 5 19 47 56 42 44 56 62 91 65 16 86 84 35 15 73 65 83 8 74 90 25 27 32 83 14 44 76 5 41 34 65 62 32 68 44 29 80 6 81 83 47 25 44 77 20 91 38 14 59 50 92 50 79 2 23 2 95 1 38 25 89 71 29 26 89 86 91 13 35 53 65 84 62 69 86 77 95 14 98 37 67 71 64 95 23 73 29 8 8 71 41 84 92
100 2
36 24 92 48 81 42 99 31 1 25 8 65 1 88 80 74 19 14 22 95 35 9 83 91 50 25 56 46 3 44 26 43 50 84 22 97 91 56 88 66 37 83 72 72 42 71 61 40 50 81 39 37 60 86 53 50 23 11 60 82 87 43 69 37 50 10 64 57 67 44 16 35 25 67 78 62 67 16 91 59 51 19 73 54 38 24 67 43 37 74 79 54 23 81 10 26 28 6 59 2
100 3
77 8 80 54 11 45 65 61 41 17 60 17 91 34 74 93 64 27 71 29 47 17 86 95 8 35 38 59 68 5 98 35 83 76 71 80 32 46 56 9 88 96 28 80 74 73 63 91 46 35 14 32 35 86 69 37 62 83 71 68 86 53 59 56 59 38 11 68 69 38 30 98 64 65 54 43 46 80 4 86 37 60 22 5 2 37 48 53 12 42 69 8 5 57 52 49 29 96 89 11
100 3
77 76 92 34 18 92 52 67 67 93 73 4 17 8 49 69 71 53 17 59 47 8 14 22 98 47 11 47 89 57 14 90 43 11 76 85 77 58 68 98 53 44 53 17 18 34 17 45 26 11 67 61 37 5 88 19 7 93 32 65 38 41 29 44 7 58 11 17 98 98 85 98 26 98 88 53 20 38 3 23 8 49 23 18 17 59 98 38 62 62 59 97 86 42 7 14 78 35 44 76
2 3
59 11
21 3
47 31 55 19 36 91 70 29 53 86 56 62 92 35 44 80 23 25 62 80 82
100 3
44 40 43 34 20 4 92 10 49 14 23 50 28 42 28 49 74 10 66 28 59 26 70 93 1 9 4 35 37 70 28 10 85 83 19 74 16 13 41 34 88 26 79 13 10 79 79 52 79 67 17 76 67 4 40 52 84 94 95 2 4 15 31 44 71 30 56 43 70 61 67 43 14 4 41 58 1 47 35 85 89 29 97 15 43 56 76 64 7 34 29 67 88 46 55 62 22 28 46 11
100 3
5 23 52 31 2 19 86 8 52 7 38 49 11 29 29 53 35 80 77 26 20 86 89 23 20 61 41 19 35 58 85 56 2 73 44 14 50 55 94 8 49 34 5 65 23 34 44 4 73 32 54 53 70 93 44 80 71 16 91 48 89 65 97 77 35 78 20 92 59 86 20 49 86 32 41 50 41 92 65 34 17 86 7 1 64 43 68 82 45 26 56 17 32 74 32 62 89 38 41 88
100 3
16 38 42 66 20 47 47 26 70 61 47 49 52 53 72 81 79 97 62 82 7 42 1 54 44 85 67 67 64 63 16 92 83 13 38 14 4 46 95 7 51 43 50 57 91 4 85 43 74 86 1 5 7 48 58 91 10 37 52 10 10 57 59 32 43 13 13 73 19 16 49 61 94 40 9 7 95 73 61 1 31 18 44 97 39 67 76 58 78 83 24 70 94 82 79 68 26 73 17 69
100 3
19 25 31 1 85 91 73 90 40 97 81 41 1 52 82 76 23 58 38 40 86 67 54 44 82 46 14 64 80 28 46 55 98 65 55 95 55 97 35 34 25 53 31 4 67 84 38 64 76 56 43 64 43 91 34 43 47 95 5 34 7 52 7 93 84 73 40 10 31 6 82 94 73 37 24 54 22 13 97 85 20 44 7 82 82 52 82 82 67 41 88 61 41 30 64 31 82 31 75 67
100 3
25 43 66 82 62 8 88 23 71 67 40 46 91 73 25 40 2 53 41 61 51 58 96 1 7 82 63 71 43 58 12 74 7 4 46 85 61 49 98 40 35 1 37 28 31 97 76 40 25 67 8 88 10 86 95 52 91 98 73 24 32 31 94 94 73 73 61 75 59 43 14 70 12 73 67 91 17 96 1 80 93 91 62 76 71 34 97 56 1 59 12 4 59 89 32 36 4 37 82 57
16 3
4 92 50 26 64 77 14 85 73 9 62 50 40 20 25 34
100 3
11 24 46 85 13 88 2 76 10 66 10 64 28 10 2 59 49 16 65 54 61 91 47 30 49 20 55 76 70 22 70 86 62 32 58 98 89 22 32 40 73 43 37 55 76 85 53 17 34 34 42 34 70 88 1 73 21 45 94 50 40 49 37 47 91 75 76 17 95 4 58 20 83 76 5 19 74 22 16 80 10 19 14 32 34 50 67 91 32 1 63 4 73 55 73 46 54 4 50 65
100 3
25 32 32 23 11 50 55 64 34 89 2 31 14 32 40 26 89 62 53 44 85 79 76 52 9 68 80 36 62 24 47 83 74 94 92 95 77 58 1 98 35 73 95 83 80 98 41 43 20 35 38 51 20 14 43 65 71 50 74 73 40 20 97 19 70 11 74 58 32 86 5 93 46 91 50 8 62 23 2 43 81 30 86 89 33 62 74 83 77 88 63 20 52 98 48 67 62 21 53 29
20 3
86 85 84 44 59 22 18 31 62 67 33 55 14 46 20 16 86 40 23 50
2 2
17 37
100 3
98 13 83 8 97 85 49 49 35 67 46 58 1 85 31 9 5 22 46 16 55 68 1 78 26 70 58 49 97 52 9 16 79 67 11 95 91 25 76 36 94 27 97 44 28 6 65 32 21 1 37 39 8 92 77 44 26 46 25 81 40 7 55 4 31 7 85 39 25 26 42 97 19 36 22 64 49 48 76 44 58 41 49 28 91 58 91 19 4 11 80 26 54 92 94 22 89 70 93 7
18 3
76 38 23 50 46 44 37 19 40 49 67 25 41 52 62 97 28 7
22 3
28 28 38 41 40 94 37 55 70 72 17 42 68 75 65 71 19 70 89 26 79 40
100 3
7 64 41 29 94 46 53 23 46 46 4 20 62 62 31 85 82 83 8 1 31 68 92 79 29 31 59 79 62 85 19 53 28 29 97 14 64 38 10 86 70 74 41 86 65 34 11 4 59 4 58 85 16 82 94 88 76 19 91 86 67 14 61 22 13 29 89 85 8 94 70 29 37 67 1 97 94 13 56 2 70 11 70 77 55 77 44 46 5 58 37 26 56 59 25 22 17 62 59 32
100 3
20 94 10 84 41 64 41 10 85 25 65 37 86 19 71 14 22 25 73 52 13 48 4 9 39 61 82 52 34 43 46 79 53 19 34 17 82 16 40 13 29 2 79 37 14 55 44 29 82 47 46 38 43 2 53 68 67 58 76 91 46 53 28 49 26 52 28 40 25 25 35 16 66 77 28 28 29 92 45 22 95 67 67 13 79 14 69 19 13 40 4 7 29 4 97 95 5 64 88 4
100 3
44 59 5 44 32 83 45 65 53 17 41 45 97 24 38 18 73 88 16 47 92 92 38 78 73 77 90 41 67 35 44 66 62 2 86 17 89 20 56 54 8 23 40 32 38 54 95 40 23 56 31 56 58 65 56 31 62 85 94 95 71 4 80 23 73 35 61 42 44 62 71 81 85 72 56 53 46 45 13 71 83 35 13 68 2 68 67 14 64 26 17 83 55 96 75 59 74 35 77 59
100 3
23 62 4 61 92 8 76 50 47 1 71 47 22 73 56 33 41 1 36 72 70 52 52 1 88 74 47 5 29 77 61 96 47 96 85 28 61 52 7 68 34 10 49 4 52 74 76 34 47 64 49 37 80 68 98 34 5 82 55 68 8 14 95 22 28 48 27 11 56 85 38 94 76 76 76 15 77 3 28 55 91 59 92 91 85 18 91 25 34 22 37 49 31 52 87 88 61 28 7 16
2 3
10 34
100 3
67 88 91 83 50 71 13 97 49 7 76 38 40 97 2 17 82 54 90 31 94 80 35 96 3 70 61 85 40 85 57 20 94 55 11 94 16 91 61 7 79 49 94 43 77 19 89 50 98 1 1 76 15 56 86 29 31 40 43 59 64 73 95 43 47 64 31 43 1 50 52 19 5 43 77 29 76 3 85 60 49 61 20 9 1 5 40 55 78 58 85 29 11 39 59 70 67 86 83 46
100 3
91 38 97 71 18 86 7 94 58 33 16 19 37 91 35 34 25 41 47 86 76 73 58 95 3 87 91 61 66 38 14 23 61 88 37 92 76 91 70 35 55 58 4 76 46 26 16 58 31 73 10 79 26 17 38 42 66 58 73 91 4 77 51 77 28 85 55 52 25 1 10 84 17 28 49 97 16 65 94 79 23 43 62 73 25 58 9 25 52 10 96 62 53 9 50 62 29 85 67 78
100 3
40 47 56 49 31 10 34 94 7 1 73 10 47 88 18 43 8 85 73 67 42 23 29 31 80 82 78 37 52 41 20 22 75 20 13 72 23 76 12 70 28 23 28 2 69 49 97 53 7 79 34 59 77 5 89 67 52 73 26 43 5 70 52 4 22 34 76 64 1 34 97 94 70 69 19 46 20 57 24 46 73 86 61 35 82 4 1 35 88 28 55 62 43 61 22 65 26 53 72 57
100 3
62 86 59 64 5 62 95 5 34 76 25 98 22 61 67 88 58 36 49 22 35 7 76 58 53 98 97 59 19 50 43 67 64 62 82 16 81 73 92 85 40 85 61 36 16 7 91 94 20 1 37 17 49 19 7 13 43 80 59 80 16 77 19 35 70 47 50 26 43 24 65 28 91 49 22 73 88 1 73 43 10 79 92 10 61 5 15 73 64 76 25 67 8 79 67 64 74 19 84 29
100 3
25 51 17 30 92 33 62 64 58 76 73 16 61 83 29 79 52 39 22 8 49 19 19 74 26 38 58 82 91 7 55 79 15 18 87 73 85 85 49 19 88 31 70 55 43 7 46 76 31 52 13 47 96 77 51 85 13 20 23 88 16 64 71 97 28 31 19 77 37 66 37 58 91 7 31 34 5 89 76 16 64 85 40 13 6 38 56 79 10 31 34 95 37 80 58 73 77 70 61 46
100 3
12 38 73 4 36 92 80 21 5 54 34 45 8 22 91 50 12 79 41 44 62 52 3 41 90 5 4 36 26 54 19 26 75 8 60 33 78 18 53 92 68 79 47 47 52 14 85 13 84 52 73 32 48 98 8 13 30 88 82 73 53 54 49 51 14 4 8 84 7 64 27 9 72 11 31 66 59 74 96 76 60 88 10 85 14 67 64 34 42 24 9 92 38 65 44 85 61 96 54 78
100 3
71 57 23 50 43 10 54 98 5 80 86 58 43 95 50 47 55 92 2 40 91 23 20 86 64 29 8 91 41 10 5 72 46 1 84 62 53 65 41 52 38 42 54 91 92 84 20 80 2 16 4 85 58 76 44 67 77 94 20 83 87 21 23 86 14 2 38 22 56 20 71 44 27 23 50 44 49 41 83 95 14 71 47 47 10 28 41 47 73 32 28 62 89 17 26 13 53 95 73 67
100 3
98 29 73 68 86 68 32 47 56 34 11 65 19 90 11 11 17 64 26 70 34 50 42 62 47 16 85 20 1 98 28 82 47 25 41 35 19 56 59 61 8 50 53 49 74 5 94 33 33 22 10 50 2 39 66 94 52 32 35 29 3 70 1 92 95 74 44 86 86 38 53 83 8 97 44 60 62 34 29 82 88 83 41 96 32 77 49 70 56 35 14 25 45 50 65 29 41 32 59 63
100 3
68 13 92 21 58 11 4 98 71 50 31 17 70 85 20 21 98 37 97 65 82 40 50 2 98 73 86 97 5 85 66 53 23 65 56 65 50 92 58 22 89 2 53 36 83 10 62 82 77 2 89 91 62 50 67 39 56 86 18 56 50 48 41 31 63 50 8 65 14 19 26 56 86 23 61 53 2 43 17 95 24 96 49 74 84 25 59 53 25 80 62 92 14 38 59 17 56 62 50 79
100 3
63 35 8 26 68 4 64 83 40 86 16 49 2 52 85 26 77 41 91 13 35 49 98 30 15 50 90 71 23 32 28 74 17 26 83 73 29 28 48 48 36 30 58 65 89 56 34 2 53 71 29 35 53 27 89 4 84 21 80 47 95 55 40 86 66 47 29 17 77 35 26 58 68 29 65 93 98 35 37 83 68 9 72 50 2 91 86 30 32 95 4 44 26 12 23 82 11 79 13 81
100 3
91 19 95 28 85 6 64 44 66 39 95 58 55 83 84 89 85 29 66 16 35 82 16 49 61 28 8 65 48 64 35 91 16 78 89 43 52 31 40 37 12 9 10 21 65 79 28 91 1 83 31 55 55 43 98 58 46 5 82 66 49 67 34 13 44 13 52 61 31 80 90 1 17 85 28 27 35 20 61 30 79 19 95 19 7 43 11 12 7 16 88 10 40 94 70 95 46 79 91 28
1 3
32
100 3
59 25 89 17 34 86 31 85 65 4 12 46 20 40 98 10 31 40 65 73 25 85 34 7 37 61 34 31 16 77 91 10 73 68 58 7 98 56 13 94 25 41 43 61 65 78 3 70 26 20 95 25 82 74 40 76 53 79 91 52 85 43 4 68 41 39 4 52 35 83 52 70 37 40 88 45 87 16 42 7 67 10 48 34 62 94 96 73 82 79 34 16 55 1 61 91 1 67 73 37
100 3
41 41 38 89 8 17 71 5 73 28 35 26 11 58 80 7 31 57 87 55 48 77 91 70 52 76 71 83 47 50 16 7 30 5 5 77 56 16 53 86 65 96 8 95 77 36 11 80 11 83 51 76 32 74 10 29 80 61 98 65 81 95 14 4 41 2 28 58 59 15 68 37 43 50 47 8 9 44 2 88 64 59 95 88 51 5 84 71 37 59 14 23 38 5 92 20 38 82 28 47
22 3
40 61 26 11 46 6 83 62 36 2 46 46 44 20 37 94 10 10 67 38 55 64
100 3
13 98 71 23 94 65 68 25 73 59 17 41 29 63 20 84 11 63 45 41 44 61 12 43 40 54 14 89 46 11 50 46 40 86 44 12 56 92 32 32 44 67 49 77 10 88 83 16 23 29 44 26 32 33 46 74 68 52 28 19 98 75 10 38 44 65 73 95 95 73 22 37 73 10 86 13 2 71 32 11 67 30 14 88 4 62 3 32 40 44 84 77 46 94 51 54 64 49 56 2
100 3
83 97 58 68 55 64 61 80 13 17 88 32 20 76 43 64 58 22 82 77 54 25 45 92 79 78 24 23 27 16 56 66 37 31 31 78 43 34 37 16 22 98 1 52 94 25 64 31 22 5 58 87 67 49 50 67 71 43 14 60 40 70 26 34 91 16 56 37 80 66 7 20 28 45 25 90 51 73 32 20 11 91 79 4 58 92 28 73 31 73 34 4 67 95 81 70 22 7 22 42
13 3
13 19 38 2 50 70 26 97 19 65 75 68 19
100 3
52 18 65 50 76 31 24 11 5 44 65 62 23 94 46 17 27 92 21 44 97 80 53 10 29 92 70 8 94 44 92 50 15 46 15 34 59 20 27 83 14 52 47 71 59 71 89 19 89 50 31 77 9 53 68 25 4 77 79 20 18 89 73 50 23 5 80 59 31 35 8 41 89 95 5 71 91 71 83 51 47 70 32 70 89 29 38 74 76 58 93 10 1 47 74 24 92 29 56 86
100 3
89 52 17 70 53 98 81 10 58 88 55 53 30 98 42 71 9 58 98 62 40 31 38 79 17 4 14 16 1 42 88 50 13 97 7 73 1 84 41 86 97 78 13 79 98 49 74 13 40 49 97 77 94 89 95 88 97 68 97 82 3 6 49 13 94 49 97 14 76 53 52 85 56 81 79 78 46 1 49 49 70 80 55 66 91 4 44 22 55 28 75 16 55 73 79 85 1 57 55 91
100 3
46 73 25 79 53 26 97 71 89 29 96 59 41 7 35 89 38 50 50 2 77 29 47 71 95 10 38 38 53 71 65 95 41 86 22 83 46 8 68 97 83 89 49 41 85 80 47 70 3 89 41 32 29 6 23 74 59 98 34 2 38 97 83 70 23 77 89 58 80 40 56 77 16 58 8 92 95 59 83 41 95 49 66 56 46 88 89 24 61 43 71 95 11 46 5 20 71 15 35 2
100 3
56 17 25 65 12 58 2 23 47 89 68 44 46 69 11 1 86 5 92 54 98 4 19 95 43 98 75 56 16 95 56 83 17 11 53 67 9 65 71 86 16 20 14 43 82 49 57 50 41 35 41 1 60 80 47 79 65 38 59 7 58 23 10 29 20 7 1 41 2 91 44 8 17 11 41 1 74 64 94 74 62 59 65 77 2 63 86 45 26 47 44 77 85 68 26 35 35 77 45 32
100 3
92 82 91 86 56 80 98 76 37 25 24 52 86 31 7 41 40 58 8 4 38 80 24 20 67 28 47 22 92 11 4 23 26 85 20 95 79 68 56 55 19 40 37 44 53 46 13 68 14 61 21 5 92 29 83 5 14 71 13 62 83 35 91 4 9 47 43 53 45 98 4 95 98 53 13 59 44 26 93 7 25 8 7 10 79 8 23 75 63 56 82 80 37 23 38 86 14 5 14 68
100 3
91 11 67 68 95 8 5 2 70 62 88 62 5 65 22 87 10 50 50 31 50 76 58 64 73 95 88 65 20 42 80 16 19 76 45 37 56 31 82 92 29 58 5 46 82 45 73 2 96 17 89 83 74 9 89 2 37 23 94 68 70 26 13 82 43 77 59 34 77 65 43 74 7 32 10 38 79 41 28 65 29 46 44 89 69 16 59 17 56 95 47 45 88 4 37 32 62 17 49 1
100 3
5 62 19 63 4 50 29 45 92 61 11 98 59 77 93 47 61 46 37 59 35 67 95 82 20 89 82 10 38 41 11 35 45 8 55 92 68 26 62 71 56 56 38 93 23 68 27 98 53 29 35 89 29 23 17 94 5 65 70 95 19 25 14 53 34 11 63 7 74 62 89 80 38 28 88 98 1 50 83 79 28 7 25 53 64 19 49 39 24 74 40 79 92 26 55 13 71 67 11 27
1 3
34
100 3
8 47 44 84 74 30 22 14 50 74 83 83 77 2 71 74 16 11 20 84 37 25 71 91 56 14 11 25 52 27 98 69 59 77 98 43 14 43 47 65 83 80 90 90 41 62 32 95 19 85 77 73 26 29 97 97 71 43 50 50 50 62 4 53 27 68 98 97 5 40 59 29 19 17 26 92 61 53 13 67 28 32 13 14 19 52 31 71 97 98 82 90 95 55 9 58 70 1 4 3
100 3
1 35 80 83 35 80 53 5 80 2 10 14 86 61 35 46 4 98 14 93 74 59 23 71 11 14 28 81 1 40 94 50 98 84 61 7 19 42 34 8 95 62 23 5 40 51 67 80 13 65 8 61 11 27 43 23 7 76 20 65 97 11 74 65 83 49 81 59 8 67 92 5 32 65 2 68 98 38 63 10 23 61 38 98 8 83 29 45 86 8 70 58 71 65 28 53 62 95 58 62
100 3
47 17 58 79 14 65 86 38 6 17 32 20 15 11 83 17 29 92 14 89 57 3 29 4 47 11 35 82 5 98 61 15 2 7 23 26 26 59 35 63 89 50 69 11 23 11 98 53 98 85 83 92 97 15 1 41 65 59 26 59 44 69 63 62 59 80 68 55 37 92 70 63 55 88 50 26 11 61 26 89 5 14 66 65 98 50 51 68 50 56 25 87 32 71 5 87 96 77 82 61
100 3
32 82 67 19 73 35 97 86 61 94 42 94 11 46 1 82 34 94 40 31 10 25 35 93 62 82 70 25 70 88 13 56 97 50 70 15 4 22 91 14 4 46 82 2 73 91 26 20 73 55 46 79 89 61 6 37 59 49 59 88 58 14 89 3 74 49 91 60 14 15 25 95 49 50 43 83 85 19 1 29 52 71 72 79 56 13 97 64 80 11 61 73 13 25 73 64 16 71 67 34
100 3
69 94 48 59 19 47 19 50 55 73 64 95 31 59 56 32 80 14 64 94 38 68 43 59 49 74 22 47 62 45 9 72 13 67 82 1 37 1 40 28 91 12 79 73 56 82 79 61 64 25 68 67 12 92 24 73 52 77 40 10 94 31 31 22 71 82 31 85 37 47 95 70 37 15 33 79 34 34 67 52 32 57 29 1 55 7 34 56 61 41 61 80 37 83 8 7 50 47 8 10
100 3
86 35 7 78 55 64 16 23 31 18 69 49 58 11 85 65 3 85 61 85 61 89 89 37 19 40 65 20 52 37 26 40 44 7 59 98 62 50 59 64 54 46 76 73 10 88 73 16 7 80 35 48 67 58 29 10 98 37 49 18 77 52 94 31 75 76 13 49 67 40 67 41 85 10 19 52 37 34 55 65 74 46 38 32 10 26 91 53 92 16 1 6 54 43 90 18 15 43 19 19
100 3
25 58 1 20 2 55 86 88 90 65 52 1 19 82 20 98 61 79 16 43 10 33 79 14 94 82 58 20 41 37 97 70 49 76 88 60 28 38 16 69 64 43 70 20 37 76 98 71 44 80 61 41 24 14 61 61 6 73 14 21 40 53 25 81 35 65 58 37 49 49 53 85 86 19 40 13 73 37 16 86 13 25 88 82 80 31 67 50 33 58 41 55 91 32 1 53 34 53 40 79
100 3
19 16 93 21 82 82 19 52 53 84 49 10 79 89 22 7 7 64 97 91 88 1 62 88 13 3 17 65 8 39 32 29 84 83 79 57 91 45 39 91 58 41 17 53 86 1 94 56 53 97 61 13 24 46 16 79 55 43 71 1 74 82 19 94 28 55 40 36 34 78 94 49 4 55 55 77 7 26 73 22 85 45 94 97 32 19 82 57 46 1 13 8 13 43 11 16 56 19 64 49
1 2
13
17 2
58 88 65 32 81 82 76 29 63 22 30 9 24 34 20 60 77
100 3
43 86 92 31 71 95 1 71 11 56 92 59 72 83 19 4 44 83 32 5 11 3 13 97 8 14 32 22 49 56 40 83 44 79 62 47 31 26 73 28 66 89 74 14 38 83 91 23 44 5 47 38 29 83 14 80 28 76 16 71 37 98 86 67 23 14 26 62 97 53 78 44 69 2 98 2 33 62 92 10 91 69 95 29 92 80 83 11 26 28 90 5 8 71 44 12 67 42 91 95
100 3
86 94 79 83 4 41 51 71 80 25 50 11 77 62 29 87 98 77 8 1 76 76 63 35 74 62 81 67 42 32 1 74 80 92 68 36 23 48 20 38 5 56 97 95 94 65 5 74 89 14 1 77 24 37 8 57 37 5 20 17 6 77 15 38 47 5 51 98 11 33 17 50 56 43 8 29 25 74 47 72 95 78 92 71 34 36 19 56 91 23 47 74 70 64 57 10 46 25 32 9
100 3
29 28 47 61 92 42 61 4 61 67 17 23 64 28 35 15 11 11 89 70 5 95 79 36 44 47 92 91 32 43 40 28 68 89 20 62 59 74 41 3 49 49 51 69 59 2 83 70 29 61 67 61 2 83 55 8 37 55 35 39 16 38 44 68 86 41 20 53 74 27 90 46 97 40 35 68 5 46 74 12 50 22 88 8 56 44 89 92 40 76 95 13 66 29 4 5 14 4 23 16
100 3
78 95 73 42 38 55 8 80 92 16 27 10 90 97 67 61 94 41 16 22 4 54 31 63 82 37 97 35 85 43 61 57 4 70 16 43 55 88 6 10 40 53 8 71 19 14 74 19 79 2 1 58 65 19 14 71 49 85 34 58 29 37 76 22 37 77 2 26 22 52 59 34 88 32 26 23 16 23 55 55 2 89 7 91 49 20 68 60 94 33 4 15 45 75 62 70 82 26 55 55
100 3
98 84 67 40 79 34 28 7 88 76 25 3 97 67 11 31 29 68 38 61 15 28 24 45 56 49 22 58 22 86 58 4 29 94 23 4 98 46 28 55 61 55 18 76 86 79 91 61 44 13 91 32 58 79 43 84 2 82 34 4 70 31 49 92 95 61 43 32 26 34 60 61 50 31 4 73 10 40 16 37 1 27 92 53 43 58 28 34 7 19 37 10 28 25 10 75 4 34 28 25
13 3
1 22 11 29 86 56 47 64 13 22 58 65 53
100 3
63 52 92 4 13 86 98 14 58 4 73 3 85 56 84 70 4 47 31 5 49 25 13 76 86 37 82 7 98 91 57 13 76 76 23 88 43 25 40 18 19 73 24 34 16 36 61 3 98 47 76 73 62 21 95 58 55 80 67 22 40 33 67 83 13 70 49 36 41 2 70 25 11 10 65 1 76 49 10 55 4 79 40 22 80 50 43 8 87 1 91 25 77 70 49 38 44 92 43 49
100 3
74 32 59 60 40 44 74 98 23 22 95 67 53 80 15 29 94 41 35 77 2 1 95 2 88 38 16 76 59 29 55 72 77 22 74 13 98 82 52 29 24 56 91 79 29 71 8 88 80 2 36 62 68 11 71 87 89 95 32 50 8 20 44 39 86 89 94 32 16 83 80 95 5 53 79 77 31 2 50 47 14 92 59 28 68 56 23 98 53 7 86 44 19 75 83 95 86 47 13 7
100 3
46 64 14 80 45 86 23 79 28 94 34 25 64 86 59 57 47 64 88 72 21 17 70 1 61 1 41 37 98 88 4 58 11 97 11 70 37 4 4 15 88 61 95 26 77 79 82 7 95 1 1 68 55 77 71 26 67 26 95 19 2 7 20 34 76 55 88 61 66 34 64 12 79 56 43 72 31 5 91 27 55 71 43 96 35 97 64 88 67 25 43 70 46 65 91 31 47 13 60 82
100 3
82 55 1 4 40 88 64 64 61 34 77 73 91 97 74 61 76 7 49 44 82 2 22 86 25 49 92 43 76 10 76 20 29 35 10 28 94 82 59 88 4 19 56 28 1 70 58 49 76 29 10 27 30 13 49 5 82 28 56 91 4 29 80 58 26 72 4 89 88 67 73 64 24 50 88 71 95 10 62 52 16 49 17 98 26 34 85 10 40 53 77 46 34 31 34 46 70 60 22 98
100 3
57 52 44 53 81 14 71 98 83 46 74 27 36 82 27 74 86 41 79 53 4 96 67 26 19 44 80 37 5 68 43 5 69 27 64 46 47 74 76 3 49 13 14 44 29 97 43 61 68 11 11 19 35 53 29 38 40 76 74 2 96 19 98 20 50 14 81 71 8 5 68 92 45 39 35 52 43 13 25 31 92 54 62 11 1 92 62 8 2 83 10 35 47 40 70 83 92 16 35 88
100 3
35 89 71 35 26 60 14 5 29 39 62 2 23 37 32 50 44 20 75 44 95 69 68 23 77 89 32 20 85 52 53 5 92 92 44 5 29 19 32 87 72 1 38 14 56 51 45 6 44 62 62 44 95 35 65 35 55 43 19 23 80 13 7 80 95 71 58 59 95 29 49 21 56 68 64 89 9 89 98 3 19 23 16 59 46 88 98 82 19 86 32 74 22 95 73 29 2 26 57 20
100 3
65 64 89 50 38 46 35 13 88 94 31 13 15 52 78 92 94 34 34 71 54 49 9 77 3 31 67 97 55 71 53 1 1 55 16 19 43 85 25 19 10 88 45 7 34 5 15 92 47 43 46 59 34 70 4 85 98 75 58 41 4 11 13 4 61 94 67 32 41 13 13 43 85 22 34 26 70 94 25 2 43 19 23 32 28 45 28 28 34 15 64 6 31 55 64 44 32 16 43 56
100 3
91 23 89 39 18 44 65 97 55 29 51 66 19 88 95 40 95 91 17 22 58 91 70 2 74 94 38 95 20 65 64 79 62 58 88 92 80 13 5 92 53 80 59 56 89 12 49 11 52 32 98 38 86 74 59 89 49 77 92 45 65 11 40 80 5 16 68 22 50 29 5 47 89 48 39 16 45 7 47 92 65 86 14 2 59 19 92 70 62 53 71 80 61 83 40 56 1 46 11 92
100 3
37 56 26 58 34 28 49 42 59 73 55 31 7 64 94 40 32 37 4 97 64 84 34 10 16 37 44 74 75 38 47 88 22 77 17 32 67 43 10 19 82 64 68 54 88 52 91 88 67 78 28 79 41 53 19 56 22 8 13 28 16 72 94 97 22 52 44 32 4 29 11 50 25 97 29 74 70 4 39 52 97 79 1 68 82 43 85 86 85 69 79 15 34 34 28 67 14 64 94 43
24 3
1 44 10 68 41 73 94 89 64 64 43 73 37 32 73 83 79 8 94 76 25 19 76 76
100 3
25 92 93 4 97 46 56 92 26 53 14 54 45 26 78 57 86 11 89 50 67 14 64 23 23 68 86 8 84 44 14 92 49 34 89 53 17 85 62 86 33 59 95 56 34 58 77 50 86 53 8 59 68 51 56 34 40 10 21 34 29 56 83 7 11 74 34 52 77 62 62 53 79 8 14 25 2 90 82 75 56 41 41 8 95 37 79 1 86 17 82 73 22 77 11 71 93 87 72 2
100 3
73 16 58 54 52 14 95 4 41 61 91 91 62 64 16 7 1 98 90 81 31 17 36 95 55 47 74 39 53 97 80 28 20 55 1 64 59 14 92 71 4 46 29 85 68 82 79 19 79 26 10 76 44 94 49 86 34 1 49 29 61 82 27 55 73 1 76 43 76 1 70 49 94 85 8 97 5 52 97 17 1 37 15 35 59 22 44 16 7 70 5 43 31 40 67 69 92 32 44 62
100 3
46 61 49 53 98 35 61 10 72 54 59 37 55 59 21 10 14 28 88 29 68 52 10 49 30 7 93 37 97 58 49 52 56 76 61 37 58 84 28 97 37 14 16 32 54 58 60 41 50 10 25 85 70 22 35 95 84 5 91 8 4 17 13 67 91 17 52 1 68 76 58 52 78 14 57 18 31 40 38 17 17 85 40 14 11 91 98 46 10 47 10 25 19 35 70 52 9 49 23 63
