100
4 3
4 5 6 4
4 2
4 5 6 4
3 3
1 1 1
100 3
77 54 61 50 80 2 8 20 23 4 35 75 68 34 4 95 89 21 47 98 73 38 32 76 16 64 65 86 41 68 53 28 38 10 89 95 71 77 98 11 74 86 30 69 77 22 75 98 77 94 68 50 89 79 83 68 80 20 53 41 77 32 28 17 2 47 11 67 50 62 20 2 92 47 85 47 16 96 41 95 23 5 41 76 59 46 14 90 52 53 76 53 14 62 59 97 2 10 8 61
18 2
90 15 71 66 95 40 18 12 91 4 74 6 7 87 70 97 43 20
100 3
59 14 29 85 23 4 82 56 88 41 55 42 40 45 14 5 19 64 35 56 23 46 94 3 54 64 53 85 87 79 59 42 58 30 78 34 83 13 43 10 95 73 67 16 52 80 65 46 67 75 68 46 81 35 16 82 58 73 11 44 21 22 11 56 22 54 94 6 75 36 54 4 52 73 23 26 5 50 46 71 11 32 10 76 7 5 28 19 62 12 43 19 7 16 23 30 33 45 61 1
16 3
85 61 22 10 46 85 25 74 81 65 89 56 98 20 61 35
100 3
82 76 7 8 5 35 65 95 22 44 8 47 50 98 36 89 80 66 32 26 9 93 88 38 52 89 53 43 34 95 46 66 89 62 73 49 68 22 53 65 53 26 13 37 26 1 91 59 92 74 61 85 5 14 38 59 17 4 32 15 62 26 65 65 84 77 29 56 32 16 62 56 94 49 44 61 95 49 19 29 86 68 47 86 96 6 17 37 2 47 50 29 85 77 16 93 31 6 60 31
100 3
1 64 14 79 60 19 83 56 97 37 31 55 35 96 40 53 32 95 82 1 7 10 97 32 67 34 94 94 62 85 22 19 50 15 32 7 82 49 33 67 30 82 56 97 1 43 8 18 2 70 52 73 67 15 64 79 94 92 84 43 88 47 40 88 67 2 10 2 73 33 65 48 25 88 76 12 55 87 27 98 25 30 87 76 64 13 37 48 88 76 53 25 93 79 88 92 14 18 4 37
100 3
37 26 38 59 32 86 61 11 70 67 37 98 88 34 15 22 69 38 35 91 13 66 82 25 83 8 40 74 37 41 73 40 94 37 46 85 46 74 62 20 16 85 61 50 46 83 40 80 8 82 68 40 50 97 56 95 43 61 91 4 24 43 46 7 19 52 82 70 51 8 58 66 70 74 28 19 40 41 22 52 77 75 30 84 29 44 22 36 14 31 16 83 39 92 26 36 8 42 33 98
100 3
58 49 19 93 28 40 20 80 40 22 74 53 65 74 7 53 45 23 38 51 5 23 98 96 98 95 44 89 53 47 50 4 74 35 20 14 44 65 26 95 84 65 29 41 29 83 5 62 17 98 89 26 5 88 95 50 41 1 73 8 78 70 95 80 14 38 56 65 95 56 88 4 8 93 20 20 17 77 23 86 62 95 14 92 46 17 41 14 91 11 16 56 89 45 88 63 72 62 62 78
100 3
77 65 17 2 26 17 67 71 80 88 32 23 20 18 86 47 35 13 13 7 23 76 50 2 94 23 17 94 86 23 98 23 28 56 37 23 23 59 9 80 93 87 79 44 32 2 53 80 20 56 11 5 17 29 8 63 94 88 47 13 45 10 55 47 95 41 92 2 26 41 17 50 86 77 44 74 86 79 51 68 92 24 86 95 49 16 87 90 25 65 81 17 91 39 28 94 2 82 26 22
100 3
23 74 42 59 44 61 62 25 41 35 53 56 67 37 89 65 65 95 94 79 41 1 8 50 82 31 52 68 71 86 94 57 64 92 13 83 28 75 63 44 31 53 95 83 64 4 50 8 83 23 27 77 17 71 3 77 69 90 60 35 7 55 65 17 77 40 65 91 70 86 74 26 66 8 22 50 53 48 98 5 59 71 13 39 83 97 71 61 32 50 41 35 51 16 25 29 12 58 25 4
1 3
94
100 3
41 1 17 34 22 71 41 5 38 95 41 17 83 86 8 14 89 3 11 97 22 68 71 38 74 8 39 16 14 86 56 5 94 41 64 73 47 35 83 64 83 94 64 11 2 58 65 95 59 11 46 53 62 62 74 70 95 40 62 68 85 59 3 53 80 46 47 84 65 94 5 92 68 50 64 89 92 86 51 41 29 59 65 94 44 37 74 55 49 40 62 14 31 47 96 59 64 64 67 17
100 3
9 47 47 3 5 4 89 62 62 86 55 34 12 87 11 83 11 37 62 56 44 19 59 13 18 80 31 25 73 52 62 62 97 59 29 52 52 5 38 67 77 35 62 6 44 10 22 61 44 76 83 77 82 36 26 18 82 68 51 10 62 29 80 12 50 26 91 89 82 95 17 80 4 47 98 10 95 98 65 23 83 53 92 61 56 41 38 71 94 44 35 14 53 76 26 97 8 23 38 94
1 2
49
17 2
40 15 26 79 21 29 74 12 73 94 61 68 74 90 92 81 90
100 3
53 50 45 37 2 91 62 61 70 26 95 88 4 2 25 46 19 13 79 79 38 66 59 76 95 2 71 56 34 58 58 10 43 25 82 65 10 47 50 77 91 7 11 4 73 23 64 94 1 34 25 88 8 8 80 35 94 61 84 67 85 73 49 21 63 88 56 37 13 13 57 28 31 20 12 64 85 55 80 11 29 94 84 88 59 74 74 80 88 2 11 62 48 8 43 58 75 25 88 34
100 3
44 10 97 29 14 52 94 14 88 13 40 18 35 98 40 61 61 26 42 94 71 31 31 78 31 93 58 77 8 11 91 39 50 88 17 37 20 19 13 49 82 66 92 46 34 1 4 88 46 73 60 92 47 40 55 18 81 94 49 43 54 49 25 64 82 64 8 82 97 49 9 53 88 49 37 58 96 31 61 50 76 72 62 66 28 40 86 85 49 39 70 97 60 16 22 43 28 79 59 49
100 3
89 79 17 83 8 83 74 62 50 20 14 64 83 5 78 8 56 92 7 17 26 68 97 32 65 59 92 48 48 94 92 25 10 71 82 36 32 84 3 22 34 33 68 77 61 20 94 40 23 46 81 35 65 2 23 71 44 67 95 68 59 83 98 29 60 74 89 80 47 93 32 14 53 14 46 68 62 56 62 19 38 60 53 64 50 68 15 1 10 94 86 40 68 41 2 95 74 55 47 11
100 3
45 65 42 17 74 54 56 98 29 93 50 59 65 79 55 30 48 81 74 44 55 56 83 62 83 71 39 61 27 44 95 46 87 65 72 31 32 24 62 74 75 20 60 64 12 89 32 98 49 47 65 74 68 89 77 88 37 53 71 50 20 29 29 35 5 29 67 23 98 53 7 80 78 41 86 35 68 4 28 44 98 90 59 68 22 45 49 46 55 29 41 68 91 68 98 8 90 32 72 23
100 3
56 31 23 4 8 59 53 50 71 54 29 74 25 29 53 64 59 11 86 83 80 28 91 77 56 83 16 44 59 35 44 35 22 62 70 62 88 91 41 46 74 93 11 46 77 71 17 85 1 66 89 74 53 23 8 26 32 82 74 49 11 2 48 5 92 49 65 23 87 73 10 32 80 77 28 47 86 82 55 41 47 95 71 83 79 12 22 29 83 98 53 29 56 29 25 35 28 79 47 72
100 3
85 84 5 85 41 73 70 35 41 79 71 40 1 73 1 88 60 30 13 74 3 6 64 44 25 7 56 52 91 32 84 61 68 46 37 8 19 44 85 34 16 82 68 92 30 13 95 44 91 48 68 38 83 77 25 25 14 96 45 20 22 76 22 49 53 76 23 11 76 37 10 77 49 55 57 16 17 17 62 1 94 39 79 37 28 38 58 46 37 82 51 61 97 49 52 20 37 91 65 70
100 3
10 82 67 61 94 18 37 67 44 85 1 25 75 41 70 34 56 25 35 87 79 97 79 88 91 94 3 56 60 97 52 40 75 83 19 58 46 23 10 32 43 40 68 77 4 69 19 27 49 23 55 16 4 69 1 74 8 82 43 95 20 2 86 95 76 48 38 14 65 41 13 25 1 73 8 67 43 61 16 63 11 58 43 38 75 43 64 22 37 16 1 22 10 40 98 53 37 64 50 52
24 3
62 55 95 68 91 74 31 38 86 71 44 86 17 77 77 13 62 42 86 19 80 67 68 88
11 3
28 1 67 59 20 71 31 80 17 6 52
100 3
25 79 20 94 91 61 86 74 9 30 7 31 73 37 40 37 94 63 97 66 80 70 93 43 46 10 48 42 13 7 58 76 25 2 16 61 73 88 85 59 43 71 10 64 58 95 7 19 11 38 81 89 91 21 41 19 70 19 34 65 5 55 50 17 4 6 4 39 16 43 63 52 10 60 73 37 64 19 8 48 91 34 23 70 94 88 49 3 46 82 46 34 19 32 98 83 65 2 34 49
100 3
76 95 80 17 82 98 64 70 71 41 34 2 55 38 10 35 73 67 25 79 37 7 88 85 83 95 58 13 91 40 76 82 25 25 62 82 44 34 14 23 77 95 40 9 76 16 90 85 88 19 50 64 82 26 6 88 49 78 44 13 50 31 35 38 58 16 65 76 82 82 85 67 82 43 70 58 2 74 46 61 22 81 86 89 1 38 17 64 4 88 82 98 28 92 29 16 63 79 54 55
1 2
86
100 3
89 43 82 13 28 46 88 25 1 76 64 34 31 76 55 5 46 49 31 52 22 19 25 28 12 68 49 58 79 76 38 63 77 36 67 55 16 74 15 67 76 76 25 48 60 98 55 24 40 19 23 49 97 68 76 7 67 4 4 67 76 25 85 70 50 71 1 22 80 6 46 89 73 82 28 34 51 1 8 67 25 6 49 52 73 6 14 41 26 25 4 82 91 81 64 65 4 35 70 25
1 3
33
100 3
7 70 5 11 1 72 19 92 5 8 56 11 55 97 39 68 43 50 5 94 17 77 95 41 43 22 91 95 13 13 31 79 47 1 28 65 64 9 54 16 82 86 25 90 52 34 55 20 58 43 25 13 61 18 26 31 82 32 97 43 8 62 20 94 44 10 40 19 28 43 71 40 37 67 51 73 91 46 82 19 73 1 54 55 97 79 14 88 64 65 74 41 13 76 37 91 8 62 25 93
100 3
71 92 19 66 8 73 87 65 50 12 68 64 98 5 32 7 16 17 95 95 89 20 4 14 46 82 86 1 14 26 35 37 80 92 20 42 11 44 89 92 16 59 44 18 80 20 86 94 68 80 35 43 11 22 89 44 49 61 35 68 20 15 95 80 32 57 74 71 76 47 65 50 29 70 86 14 77 38 20 50 11 29 5 25 55 70 8 80 98 79 54 71 61 76 26 68 89 88 44 20
17 3
39 34 61 17 56 29 71 4 78 88 52 44 8 14 40 20 61
2 2
33 47
100 3
69 59 4 89 11 13 4 1 13 16 64 86 4 29 19 79 21 40 3 83 46 22 93 46 73 90 73 73 16 29 90 5 7 88 37 76 28 25 52 43 37 46 53 73 76 96 35 56 7 13 88 44 4 95 71 42 10 58 46 55 1 34 48 49 28 28 41 16 79 64 64 97 98 77 59 22 57 43 19 13 67 88 61 14 50 43 88 16 85 52 64 65 61 6 77 82 91 9 33 7
16 3
10 35 64 16 14 83 80 77 68 85 17 47 4 70 77 95
100 3
72 89 37 83 58 74 21 2 25 47 43 44 68 26 65 11 41 40 58 11 62 62 9 72 15 96 79 82 71 5 83 46 80 64 53 92 71 41 68 23 29 49 13 55 70 26 77 86 38 33 90 11 50 63 56 16 47 16 89 9 65 83 44 1 75 14 92 6 62 86 65 59 74 20 94 43 44 7 30 65 56 26 17 94 11 53 43 68 6 40 15 21 29 34 20 32 98 34 44 76
100 3
50 61 1 29 20 37 31 35 28 25 77 13 92 79 52 1 4 4 4 90 58 1 35 19 31 79 13 19 79 62 24 88 94 25 31 9 39 87 19 61 73 55 40 4 13 65 64 55 65 18 79 1 3 34 40 7 66 43 25 82 70 47 22 19 29 58 4 63 1 31 65 88 11 88 46 95 5 49 31 7 28 94 40 14 76 94 37 57 64 34 97 29 33 63 64 93 64 79 12 91
2 3
37 10
100 3
25 44 46 19 7 67 1 15 74 14 52 64 58 92 67 69 98 14 75 52 94 31 70 43 4 1 16 13 6 88 61 31 55 26 45 89 7 50 28 8 7 70 2 40 82 1 32 54 1 2 55 86 94 43 8 55 62 90 47 95 76 43 19 70 32 88 37 4 13 78 55 61 4 23 35 70 25 73 14 41 92 49 58 16 15 46 46 13 88 43 91 82 61 5 97 97 93 35 47 7
100 3
35 61 8 44 31 49 52 43 4 76 67 67 32 17 15 20 25 4 52 46 1 4 74 34 46 94 8 8 90 28 37 11 4 32 1 14 32 89 32 40 10 76 61 91 93 25 7 95 64 10 48 82 51 44 20 8 73 28 7 65 60 37 52 61 39 60 34 28 34 94 16 91 17 76 38 92 73 53 31 64 31 87 16 91 25 94 76 67 95 38 70 16 60 79 33 64 35 35 79 31
100 3
32 20 80 79 29 83 17 29 82 80 23 53 59 44 41 91 73 55 98 86 88 61 50 70 91 20 54 68 37 65 22 42 15 71 33 75 43 80 2 26 53 26 19 60 23 54 71 48 14 19 35 34 5 16 23 14 98 13 5 82 47 73 93 26 34 70 53 23 74 32 83 56 79 38 8 65 59 41 41 44 14 36 89 28 46 98 10 5 31 65 60 68 79 44 98 8 75 68 19 35
100 3
7 36 16 94 53 86 6 74 85 16 34 41 22 28 4 58 78 49 27 7 61 79 77 20 73 76 97 85 28 30 43 25 76 7 16 46 4 16 82 48 75 49 2 7 74 58 36 16 52 43 1 52 29 62 29 25 65 19 28 81 4 31 38 70 4 58 1 70 44 13 1 49 98 85 17 80 31 98 49 61 76 28 82 76 41 15 20 78 76 88 76 64 83 41 55 76 31 68 5 46
100 3
16 46 55 77 40 97 91 91 16 46 14 82 47 50 94 11 72 97 26 16 54 53 43 67 35 52 52 7 16 52 49 73 55 44 88 29 77 37 7 52 91 49 37 34 85 96 22 11 46 58 53 79 55 91 22 94 43 47 64 41 60 44 31 94 85 73 55 46 25 94 67 20 58 31 95 25 92 10 38 16 34 19 64 37 67 28 79 67 16 32 17 67 93 32 46 47 92 46 35 76
25 3
64 44 61 46 32 55 61 8 43 55 76 77 46 14 10 92 1 14 13 67 79 11 88 67 28
100 3
25 71 4 96 46 43 43 7 94 22 19 14 64 5 22 94 7 41 38 67 23 26 52 66 97 16 15 46 64 79 20 74 58 82 94 31 80 54 25 61 32 91 89 16 85 50 40 31 40 15 88 59 13 17 64 52 55 10 67 16 95 5 57 35 40 34 50 4 16 40 83 68 51 59 5 52 73 37 44 37 55 47 22 93 4 89 44 52 31 41 31 43 64 10 16 85 78 85 31 90
100 3
94 55 25 22 88 55 70 55 96 73 86 74 67 20 28 95 31 55 21 34 83 67 1 91 1 97 46 13 29 29 15 79 1 28 77 25 33 70 31 91 37 7 43 37 72 28 70 7 12 97 93 18 56 44 37 88 41 55 43 34 70 1 13 49 4 46 92 27 52 2 64 16 9 40 46 1 86 67 37 85 19 19 55 3 18 85 92 97 35 52 32 43 79 63 53 32 54 58 94 29
100 3
50 88 68 56 2 22 8 43 68 47 46 6 94 97 73 85 55 58 32 25 14 1 13 11 43 43 92 29 79 24 59 10 98 83 5 86 58 41 65 14 10 28 47 43 93 94 38 54 85 13 37 14 80 44 34 43 53 25 85 65 25 50 73 94 10 40 7 7 68 2 73 16 46 16 34 41 1 8 4 91 19 49 91 76 52 19 13 65 47 37 82 16 10 4 4 19 73 88 92 23
100 3
68 91 74 46 31 47 85 26 53 34 2 59 74 1 5 98 73 20 10 34 80 20 23 74 79 11 5 10 2 28 47 97 2 47 56 40 26 20 95 79 92 50 46 47 73 29 49 67 13 4 34 88 41 31 61 41 5 59 94 14 91 17 44 19 71 4 38 29 29 61 1 85 26 22 43 61 44 76 23 80 38 92 76 41 98 89 16 76 76 53 22 4 44 80 29 19 7 76 89 44
100 3
67 38 44 11 34 85 68 65 44 23 52 23 7 29 30 65 94 50 20 71 78 65 11 24 46 53 77 8 83 36 35 2 86 79 26 86 55 71 7 56 76 17 92 2 98 7 50 53 77 29 35 89 58 23 52 44 14 93 23 70 41 47 74 58 37 38 65 47 46 39 29 20 23 23 38 84 86 9 14 5 64 56 17 85 19 24 64 70 98 77 30 57 29 97 42 56 53 64 42 86
20 3
10 41 65 41 19 1 73 91 40 28 88 66 19 32 82 7 31 59 29 70
100 3
16 47 52 32 72 3 77 37 25 80 85 66 13 58 88 16 77 59 11 26 43 74 10 25 40 95 61 31 23 28 55 94 94 91 31 46 41 37 19 44 30 40 88 86 39 79 17 44 46 60 79 91 23 64 15 81 82 61 16 70 59 86 4 37 82 73 28 2 83 13 15 80 60 28 72 32 64 59 23 1 41 89 19 34 61 73 49 95 22 67 16 89 64 79 14 29 28 86 31 16
100 2
49 61 38 19 82 44 87 76 84 68 47 70 89 96 57 34 6 60 60 1 15 72 50 9 86 27 90 78 73 13 76 87 23 50 90 66 50 80 90 25 61 65 63 48 11 51 5 75 99 25 62 41 21 85 56 59 20 55 65 28 6 2 95 62 9 48 4 62 3 17 3 39 55 42 26 36 55 27 82 30 56 4 86 77 98 15 69 38 23 77 91 63 15 61 86 29 64 24 10 16
100 3
73 2 31 65 28 64 51 71 16 87 88 10 58 44 76 90 1 64 45 95 53 83 49 70 35 80 24 35 88 63 59 63 94 12 41 16 65 49 58 39 82 22 41 31 55 67 70 32 34 58 58 34 20 70 43 28 34 97 48 37 61 28 31 29 49 48 79 59 17 15 67 34 89 43 43 1 52 43 26 55 36 88 13 1 47 3 40 14 85 73 85 77 91 97 34 16 53 98 62 47
17 3
73 1 8 70 10 11 74 4 83 97 56 38 26 62 4 61 53
2 3
98 86
27 3
31 41 64 50 65 16 24 71 2 30 47 91 59 74 96 59 97 15 47 93 14 97 56 95 43 35 55
100 3
29 85 8 92 23 65 11 67 20 26 81 47 70 41 26 19 50 94 20 1 49 3 11 57 84 26 53 86 75 65 30 56 23 23 70 11 67 26 61 34 94 23 26 98 44 26 47 22 35 14 56 32 74 26 14 14 19 47 35 72 65 94 74 67 67 32 20 28 37 20 2 77 80 14 70 13 27 23 73 72 17 91 82 53 29 92 59 26 47 2 35 47 12 43 5 68 26 91 19 35
100 3
67 82 91 82 43 82 12 40 1 88 96 56 56 34 80 26 19 28 46 13 68 15 58 40 61 60 88 65 16 44 14 44 40 13 20 14 73 76 7 8 61 70 77 85 10 4 79 56 95 59 45 13 91 76 61 30 37 59 64 65 85 54 91 61 58 91 70 97 75 54 71 92 38 14 55 32 77 89 7 95 68 28 70 73 47 91 28 94 9 33 93 2 41 46 60 57 29 29 4 43
100 3
26 10 17 94 32 85 71 82 51 11 4 94 91 98 7 83 34 85 55 34 83 68 5 64 27 82 94 96 61 83 52 34 37 85 67 46 8 49 87 14 61 85 40 18 16 90 91 73 4 48 47 17 1 7 8 23 82 53 82 28 31 17 23 23 49 16 22 13 41 31 49 44 73 28 10 19 8 65 87 70 46 94 25 85 85 7 25 37 4 65 40 2 29 28 25 75 28 76 82 52
100 3
61 30 1 56 29 23 74 49 19 1 23 73 10 16 80 16 74 86 89 17 10 8 86 86 23 92 19 86 8 53 17 25 94 21 50 5 69 14 17 26 73 44 67 26 98 26 74 20 82 2 50 80 13 26 50 73 93 19 14 62 13 35 22 82 1 17 89 43 56 20 47 65 35 95 17 59 20 11 70 8 37 67 32 29 34 16 19 47 53 89 95 76 79 12 71 23 37 37 77 67
100 3
85 55 25 11 49 41 1 90 40 1 38 98 85 16 70 86 40 4 83 94 40 88 90 89 8 40 43 58 50 82 82 65 73 54 94 43 25 61 64 16 38 25 48 73 31 82 89 8 89 73 80 41 52 13 89 57 31 70 4 34 88 10 31 59 91 53 4 43 16 87 1 82 31 5 34 86 19 31 34 57 49 91 60 10 58 55 96 95 70 14 14 25 88 52 53 37 80 82 7 41
100 3
77 86 42 69 62 29 70 80 71 17 75 92 49 89 95 31 35 89 45 86 72 20 77 44 25 53 49 95 89 67 47 13 95 65 11 69 59 77 8 7 71 94 10 2 88 53 66 32 20 47 74 58 95 53 65 80 17 16 43 68 81 79 50 95 54 8 48 62 65 41 14 62 23 77 11 23 41 38 68 23 43 58 74 77 12 35 68 29 16 56 5 7 94 44 14 14 6 86 49 77
100 3
33 59 97 49 56 13 38 57 13 32 29 19 77 65 65 83 62 53 95 95 94 8 5 61 59 80 5 17 74 34 23 40 26 20 4 44 1 91 83 83 64 38 14 50 53 35 39 11 34 55 40 65 59 36 35 73 38 56 33 40 31 65 77 50 68 37 82 98 80 16 91 38 51 20 83 96 98 68 67 65 46 50 98 53 68 95 53 92 41 46 15 82 11 47 23 74 2 95 50 14
100 3
36 88 14 52 24 58 67 44 38 34 52 10 56 52 76 44 73 8 55 61 22 64 85 84 43 76 29 34 13 70 4 69 55 92 25 25 59 10 85 37 7 84 70 46 83 13 85 28 25 13 68 19 43 77 22 61 56 88 8 55 22 68 79 20 61 40 70 36 41 73 60 4 56 37 92 40 26 52 62 64 83 32 73 49 45 68 97 64 52 1 82 20 39 40 70 10 82 25 35 88
100 3
30 78 52 7 68 29 41 53 64 82 25 89 16 96 90 4 5 34 48 31 89 25 94 34 74 74 52 53 49 91 24 92 43 76 74 88 79 10 94 37 92 49 49 10 76 91 73 61 88 97 52 77 76 31 10 92 46 85 33 97 4 94 22 79 94 26 94 73 71 88 85 75 20 48 22 85 91 67 56 20 10 8 38 61 37 88 3 58 76 95 97 22 18 65 7 33 60 22 16 80
100 3
56 86 23 43 41 79 84 35 40 2 41 52 64 65 71 59 32 32 68 23 74 93 1 58 38 67 62 74 23 14 71 80 23 17 41 56 32 29 11 35 51 75 23 37 11 86 23 60 77 50 88 29 17 47 31 45 66 11 6 1 76 29 14 7 2 7 95 62 14 77 44 14 40 74 26 77 18 39 75 44 2 29 8 20 23 37 90 62 22 45 29 75 3 4 68 85 76 32 32 20
100 3
95 65 78 25 21 60 52 8 96 53 80 54 95 50 92 51 10 56 8 44 6 73 11 53 26 9 56 10 5 59 67 2 44 7 48 19 74 46 53 37 9 74 65 11 52 74 40 38 65 77 32 49 23 4 19 92 32 20 41 80 85 41 20 80 50 32 16 5 86 22 31 32 38 71 43 8 91 74 44 41 53 65 67 53 50 8 1 50 77 42 5 44 80 71 71 4 95 32 34 25
100 3
34 57 97 96 10 91 7 26 34 33 73 8 7 59 78 49 33 35 23 70 10 28 85 36 13 97 94 1 18 91 71 5 76 70 34 19 42 22 67 64 35 6 70 73 43 92 32 58 38 73 85 65 73 56 39 46 79 5 64 52 52 52 81 40 43 31 29 26 79 94 60 37 42 70 61 73 49 34 22 74 52 15 46 59 92 20 37 73 94 5 46 97 91 11 79 19 67 61 7 52
100 3
44 44 68 35 38 71 32 52 62 61 53 5 89 60 68 20 49 41 38 98 55 23 62 56 35 73 38 83 32 74 80 57 74 98 5 98 11 17 89 39 17 74 71 19 69 35 95 64 2 50 50 47 14 52 89 17 79 32 3 23 77 77 26 86 68 68 5 47 92 43 26 2 80 49 64 35 35 2 56 89 52 34 10 53 56 58 32 35 68 87 40 98 70 50 23 58 26 4 77 32
100 3
56 14 35 96 64 22 74 14 71 44 23 34 65 62 53 26 29 89 80 65 26 29 29 86 42 29 74 54 64 92 53 24 50 20 51 58 35 44 59 45 18 85 92 33 13 89 50 35 17 11 74 4 36 28 37 66 98 94 35 2 57 62 14 86 98 75 71 2 65 13 20 20 63 31 49 92 20 95 35 59 20 44 75 11 88 80 85 23 17 16 64 77 95 15 77 20 8 92 67 17
100 3
73 40 56 31 16 50 98 94 35 46 19 28 77 53 61 62 67 25 53 67 32 98 38 67 26 56 97 66 49 79 1 50 27 12 95 5 85 11 26 41 40 86 62 88 37 92 10 5 49 3 58 37 60 70 1 67 6 29 51 15 8 47 83 74 44 38 76 35 62 23 6 62 26 86 63 10 44 2 89 7 80 80 17 22 26 47 43 92 50 94 20 25 17 80 20 20 92 1 5 43
100 3
20 13 16 89 52 46 13 89 58 58 91 57 53 73 29 13 1 34 43 40 25 61 67 74 83 89 32 22 73 76 42 71 40 22 88 34 13 70 97 97 10 91 97 86 10 45 10 4 34 7 70 65 1 37 67 59 32 56 22 27 43 88 64 94 10 88 49 70 19 64 3 62 40 4 79 30 94 25 69 9 91 25 14 1 16 7 5 76 82 47 50 19 41 79 25 70 25 46 69 5
3 3
29 89 47
100 3
31 7 97 13 79 62 19 67 28 13 76 17 47 13 65 52 98 84 10 58 87 62 80 73 43 43 50 7 65 85 37 31 16 65 52 19 52 57 19 82 16 19 41 41 56 25 57 70 67 58 2 16 32 20 29 85 37 82 39 92 2 58 25 24 3 98 88 40 92 70 73 46 91 77 11 49 1 25 91 74 85 1 69 88 79 89 49 82 32 89 82 70 88 22 20 25 77 88 94 61
100 3
70 34 61 75 76 41 82 31 45 38 75 83 16 14 19 97 25 28 22 7 88 53 91 61 97 62 31 92 47 46 34 77 69 13 87 43 74 19 76 94 76 34 94 43 49 4 10 61 4 35 73 85 25 85 46 19 88 52 73 91 25 13 67 92 61 26 34 7 53 22 28 5 22 16 30 95 22 91 19 59 8 37 13 73 10 83 77 95 80 49 4 20 48 25 49 8 58 50 81 71
100 3
98 2 17 5 90 92 35 56 68 73 8 83 73 10 72 74 89 10 1 47 44 77 29 20 73 19 58 17 17 41 4 32 11 87 48 11 6 32 34 71 2 7 4 65 4 56 56 32 33 2 41 23 68 14 18 36 61 47 86 40 86 43 78 61 37 83 32 5 11 76 89 46 79 98 71 47 62 13 11 80 72 17 54 2 61 98 56 4 14 83 82 80 69 44 26 10 20 90 37 98
100 3
36 43 18 43 4 34 58 53 41 1 62 56 74 20 56 40 32 68 47 34 97 73 46 64 65 86 23 27 22 86 5 31 10 56 63 23 68 98 2 74 43 15 41 87 76 89 20 88 1 91 56 80 90 43 73 75 74 86 43 45 50 80 59 18 5 92 8 60 2 56 45 5 50 5 53 71 79 8 82 47 62 68 74 5 93 23 34 12 29 50 74 61 7 82 44 20 43 68 65 23
1 3
65
100 3
43 94 32 79 53 42 58 14 13 46 97 46 1 19 77 37 46 22 23 7 61 79 82 81 46 43 56 2 91 43 20 11 73 64 1 28 77 40 4 31 43 62 40 83 33 76 97 76 68 26 58 7 58 10 39 8 87 43 91 70 11 67 28 46 9 79 80 53 28 28 16 6 46 31 88 32 25 97 52 85 67 58 19 29 7 16 44 67 65 19 22 7 86 4 18 76 94 25 7 2
100 3
32 94 84 32 98 83 32 23 92 24 83 10 47 88 50 38 77 38 44 26 53 83 16 80 40 35 29 38 94 17 70 46 88 73 77 14 17 16 41 11 69 1 71 91 68 44 41 23 95 35 5 25 83 14 95 4 96 92 53 61 51 60 68 7 32 41 90 94 74 29 53 32 95 20 34 5 89 66 97 98 54 98 87 67 64 26 50 84 50 10 5 41 11 97 94 17 44 64 80 88
100 3
95 43 46 89 23 62 75 82 93 98 26 91 95 2 91 32 15 20 73 23 75 86 14 53 97 57 52 51 44 70 76 74 94 30 5 14 24 76 79 40 70 38 62 65 57 46 38 25 26 35 91 14 53 65 92 50 14 56 7 25 86 86 2 98 74 5 10 67 60 44 71 95 19 14 65 44 92 86 58 71 64 32 49 41 80 32 79 97 58 44 88 74 48 23 13 19 1 74 64 40
16 3
68 92 43 70 94 64 71 14 26 16 52 40 77 83 50 40
24 3
12 51 64 74 70 21 94 94 34 62 52 89 26 40 16 62 76 80 38 1 25 79 43 19
100 3
53 51 41 58 46 43 70 58 17 29 55 84 54 94 49 80 87 63 56 94 72 92 34 41 77 23 83 56 45 10 97 79 23 11 35 88 60 40 35 31 63 85 67 58 89 65 67 70 62 96 16 97 64 79 13 36 4 67 25 22 62 39 16 55 34 72 34 79 47 17 16 16 1 79 37 97 17 40 19 43 85 67 43 54 55 32 71 46 52 13 66 26 98 91 46 27 25 97 1 29
100 3
77 13 67 32 83 8 19 92 62 13 38 6 29 76 43 40 97 43 98 59 14 37 38 67 61 59 29 43 86 11 43 4 38 22 10 43 39 50 77 90 97 4 73 25 71 6 40 77 85 25 79 94 34 33 98 80 64 55 16 8 41 71 70 17 3 67 43 16 8 85 7 20 64 91 58 67 64 75 59 87 41 46 94 4 49 2 71 7 4 34 98 76 52 79 88 69 94 35 31 90
100 3
14 39 98 74 68 19 43 11 4 30 42 68 71 83 19 81 14 2 3 20 13 10 19 43 38 35 68 18 50 53 74 57 35 92 83 46 83 32 18 59 11 65 92 67 56 44 23 80 23 73 68 76 74 32 64 53 4 68 40 41 97 2 11 53 92 53 82 51 18 70 87 5 77 38 55 22 59 97 74 61 22 37 58 32 32 83 28 25 14 49 64 23 44 13 14 46 14 14 94 4
100 3
60 31 77 80 44 43 6 18 64 74 8 17 66 11 77 80 56 35 58 19 56 20 27 71 46 92 95 83 15 48 8 86 61 85 75 83 17 8 98 20 68 20 56 2 36 69 52 8 69 45 55 11 95 2 16 14 2 59 45 13 74 17 68 88 64 69 52 8 97 55 77 59 75 31 88 23 45 89 77 91 89 47 94 70 29 6 34 26 14 77 26 80 53 85 17 64 13 59 16 41
100 3
62 93 1 4 28 94 85 92 19 73 82 5 37 58 10 27 19 22 65 49 53 97 1 70 75 16 43 16 77 67 22 74 86 75 35 49 16 82 21 87 68 11 30 30 55 73 59 92 9 29 64 15 67 17 64 4 91 43 1 83 67 15 94 82 97 37 19 4 67 34 48 85 67 56 59 3 73 58 76 14 64 97 20 49 85 53 82 82 34 77 22 2 42 95 89 61 10 86 2 55
100 3
85 22 80 73 76 8 21 83 43 2 62 92 23 88 18 83 45 92 80 89 11 74 1 68 53 41 17 53 11 58 1 13 83 56 17 54 50 43 11 41 88 65 42 76 89 88 23 97 90 80 38 35 58 50 69 53 74 26 26 46 52 65 11 77 21 28 98 11 16 17 50 32 28 17 2 1 33 74 81 52 89 32 56 34 64 80 13 50 12 50 2 59 4 74 98 74 62 18 39 81
100 3
23 7 25 74 77 10 32 35 53 64 43 70 98 71 59 88 41 76 1 55 80 75 49 38 71 98 17 71 42 4 38 70 53 92 70 14 44 16 59 11 95 17 5 53 13 41 50 38 85 83 36 77 88 29 53 20 82 17 46 68 64 29 28 19 52 74 53 77 84 91 56 92 41 70 77 34 91 47 59 86 41 92 77 98 90 43 95 82 5 26 65 65 67 29 16 71 14 10 29 44
100 3
71 97 4 38 26 85 37 32 31 10 83 10 65 1 88 47 13 52 20 97 89 65 67 4 52 8 40 44 58 86 40 76 11 86 43 88 26 17 56 94 58 98 34 44 91 95 11 62 98 44 5 46 41 59 7 47 31 91 43 31 10 20 68 17 35 79 19 1 65 37 17 22 53 1 68 50 65 25 61 56 76 7 16 20 56 35 61 95 86 76 70 5 25 46 85 20 56 71 71 10
17 3
13 72 10 44 97 56 14 60 95 52 85 72 23 47 62 85 67
100 3
55 11 16 17 44 80 20 35 55 77 59 53 93 76 6 83 40 86 94 15 83 77 64 17 87 23 22 77 27 7 50 74 50 85 82 44 19 97 97 59 35 89 25 47 82 8 98 68 37 93 23 2 49 43 86 83 2 67 43 76 77 62 4 89 88 29 13 92 10 21 95 53 56 47 27 5 95 66 21 80 5 91 74 47 19 34 44 53 23 35 2 11 88 55 89 71 74 56 76 53
100 3
42 16 98 89 75 49 25 82 31 83 73 82 29 77 69 36 94 51 8 59 28 87 61 55 98 78 26 94 33 82 8 77 1 27 61 56 23 95 66 36 44 57 21 84 27 29 98 96 58 34 74 67 91 16 33 7 73 2 95 43 49 42 62 29 24 8 3 71 87 88 4 55 54 18 32 41 12 19 40 12 36 22 57 80 40 35 78 47 18 50 52 6 59 76 90 33 59 39 50 85
100 3
2 22 71 77 83 50 71 43 41 47 36 5 68 19 80 89 28 13 62 25 41 33 2 98 4 40 5 41 98 1 65 5 16 87 82 14 88 56 68 68 77 80 29 76 28 8 68 62 89 74 56 2 71 53 76 7 9 29 37 89 77 32 60 13 61 62 53 11 68 44 11 62 7 52 32 4 38 28 73 83 11 85 97 19 50 72 11 5 2 85 25 87 17 76 65 7 47 47 7 83
100 3
79 43 94 14 52 16 47 58 94 59 63 57 43 59 59 2 95 77 70 91 25 19 61 80 56 17 14 30 40 69 86 64 47 15 41 80 28 17 10 41 59 5 62 60 89 47 63 23 53 59 49 84 71 56 98 32 65 77 89 80 11 11 4 59 26 93 67 34 96 10 11 27 8 73 62 70 83 16 39 12 51 50 56 23 15 59 68 41 83 76 11 8 71 83 92 80 45 83 89 82
100 3
55 70 16 14 80 35 5 31 80 73 8 34 11 26 14 19 3 76 95 68 47 95 49 26 44 29 59 37 47 8 35 96 62 67 4 61 26 60 1 6 15 56 88 50 5 76 25 31 52 95 53 26 77 35 32 10 89 5 29 95 56 81 91 65 69 76 40 55 80 62 75 65 14 70 41 35 1 32 17 97 31 44 2 14 23 32 5 81 41 47 70 49 53 74 56 59 14 26 92 67
