100
4 3
4 5 6 4
4 2
4 5 6 4
3 3
1 1 1
100 3
85 58 26 79 25 47 83 85 91 65 25 89 47 72 68 79 62 71 53 74 86 35 57 83 26 67 53 17 61 48 34 12 65 92 61 47 29 7 92 26 90 50 98 47 82 41 86 6 67 71 55 95 54 25 17 98 83 74 26 83 59 80 64 76 20 7 48 50 61 43 35 1 2 44 11 20 8 75 61 68 59 2 72 47 38 47 65 64 81 12 47 97 43 10 77 31 23 74 9 5
24 3
55 7 80 32 82 69 86 89 38 70 92 94 49 37 20 14 47 74 80 44 44 77 41 5
1 3
1
100 3
26 28 67 91 8 14 40 27 9 80 77 29 70 77 61 52 51 66 25 76 17 67 40 68 52 37 2 61 73 4 56 20 8 62 40 31 62 83 41 95 37 34 97 73 88 4 4 4 53 16 75 74 86 64 4 56 13 52 97 46 35 47 7 14 89 94 79 34 85 55 71 59 27 70 17 30 9 74 48 82 10 25 35 55 1 5 95 57 19 91 85 2 25 9 4 51 22 22 28 97
19 3
46 6 65 86 95 21 28 85 84 52 62 90 12 53 35 73 59 67 40
100 3
19 80 82 53 53 97 73 79 34 19 28 61 43 46 16 89 39 10 37 7 67 91 80 10 32 76 63 64 19 7 52 56 43 43 61 11 2 70 79 45 49 10 61 32 82 11 88 4 49 56 33 85 79 64 61 82 13 55 31 85 16 73 16 57 37 5 20 28 52 44 10 97 31 13 82 44 97 25 85 63 68 40 40 39 32 41 28 13 94 1 4 91 35 61 55 10 81 19 65 31
100 3
82 64 35 5 7 33 37 91 46 28 74 4 43 89 8 46 97 66 21 8 91 37 31 25 94 77 5 91 29 80 92 98 4 76 91 35 73 88 5 97 70 13 40 56 19 22 16 11 26 25 39 49 75 91 55 79 94 97 4 40 22 13 39 70 44 73 24 37 49 76 34 88 47 55 32 31 17 2 35 55 40 46 59 70 67 55 89 38 30 17 1 13 40 40 97 65 13 40 27 97
1 3
80
1 2
47
25 3
95 40 34 74 88 71 1 80 74 26 25 67 40 58 10 82 97 2 82 97 28 10 98 97 10
100 3
49 11 25 74 20 65 2 74 8 95 73 20 20 73 94 92 5 6 86 13 22 26 73 71 80 89 86 26 28 29 46 61 59 73 34 68 75 53 95 65 55 28 92 95 58 35 85 29 19 53 78 10 38 4 34 5 68 34 5 41 91 10 48 22 88 98 71 47 83 64 5 2 20 87 45 95 19 98 5 38 56 34 30 31 92 16 64 95 50 9 43 14 56 20 24 77 13 78 97 76
100 3
41 20 92 61 98 89 40 59 76 11 87 89 52 32 89 11 35 53 17 52 37 28 6 8 10 26 14 94 14 47 11 5 92 40 73 21 62 35 73 29 48 43 27 32 50 65 7 62 78 13 50 17 68 92 2 32 38 95 65 37 52 73 22 50 38 64 22 28 46 17 17 77 59 68 20 17 16 34 26 89 40 47 95 8 70 68 50 25 38 37 15 74 83 41 7 92 34 74 38 59
100 3
85 23 5 88 33 76 95 85 88 26 37 40 74 50 79 35 53 37 89 95 7 17 84 37 13 49 47 77 83 95 52 53 53 62 41 20 88 13 92 35 95 62 62 12 17 52 50 56 84 97 79 56 14 20 29 38 19 43 38 46 38 97 23 80 12 71 65 11 17 30 77 23 8 88 13 10 64 74 65 69 45 29 50 2 68 77 14 89 37 72 5 26 92 41 47 71 1 5 35 89
100 3
40 62 89 49 94 98 22 34 38 1 16 6 79 34 31 49 92 85 29 8 72 4 84 77 55 95 70 76 97 40 50 22 91 26 58 4 52 86 78 40 50 52 57 22 94 82 83 28 25 97 76 14 77 50 44 88 8 22 74 94 70 74 19 19 13 28 33 64 31 16 58 43 7 76 51 43 86 19 32 91 40 7 85 58 83 88 92 64 73 71 79 61 52 13 47 31 97 94 10 48
100 3
64 25 2 1 85 34 95 55 37 76 4 26 70 49 79 89 83 92 38 38 13 67 94 50 16 40 8 31 71 94 19 54 65 67 34 73 94 73 45 31 78 85 52 35 79 38 49 1 17 38 62 52 55 40 59 56 36 49 62 65 49 52 55 43 94 36 6 32 14 55 74 10 54 94 41 37 16 7 73 67 66 85 64 77 49 91 89 94 98 14 41 1 44 14 16 23 82 64 58 67
100 3
21 89 7 98 47 65 64 49 62 4 50 95 72 38 74 55 41 11 85 31 35 17 70 80 23 16 22 18 77 56 16 71 8 59 86 87 20 49 46 78 90 80 65 47 14 56 34 68 38 74 29 52 65 55 98 67 44 44 65 63 35 61 14 89 44 83 82 68 53 92 89 85 98 50 98 25 29 22 56 20 32 29 44 11 49 3 40 61 5 83 27 53 5 50 11 31 29 44 7 59
100 3
44 85 51 95 26 10 87 47 53 45 92 8 65 38 50 33 40 47 70 52 23 44 50 56 44 76 71 83 29 7 62 25 38 85 32 24 59 52 54 49 5 46 76 32 65 64 61 74 80 24 67 86 38 65 45 45 67 2 68 50 98 26 32 88 18 65 56 34 2 65 76 62 7 41 64 52 24 26 41 45 58 10 32 29 49 92 88 33 7 68 71 50 32 44 3 32 76 53 83 76
100 3
56 53 56 49 50 17 71 77 29 1 76 65 62 10 41 73 38 42 8 20 74 7 64 56 44 86 69 89 52 98 50 43 5 91 46 49 1 53 26 11 94 85 65 62 89 53 67 83 25 53 44 18 86 78 61 8 16 95 52 7 32 32 29 41 79 2 23 6 44 53 46 61 73 88 74 20 62 32 26 46 69 74 29 60 29 82 53 74 59 15 22 41 91 55 52 47 23 94 71 11
100 3
16 86 4 94 97 28 34 31 1 56 53 1 22 55 59 77 41 46 82 20 31 76 34 28 56 64 65 47 61 97 69 71 68 31 94 98 95 67 89 41 79 28 74 88 70 19 64 36 55 8 52 2 2 66 65 10 14 80 16 28 7 97 22 43 55 89 62 13 26 10 40 10 40 77 40 17 61 42 92 34 48 91 49 70 95 90 25 64 33 34 25 25 60 22 52 58 76 43 11 25
21 3
36 58 28 77 5 28 43 22 1 26 20 63 49 43 57 25 73 53 42 29 77
13 3
13 55 64 85 92 14 73 74 88 19 8 5 47
100 3
40 29 11 4 52 65 8 58 67 74 64 79 35 29 10 59 4 82 53 95 38 64 68 97 49 53 73 89 88 65 62 14 26 82 4 64 85 8 10 98 80 58 7 23 64 98 70 47 26 67 64 86 58 76 47 56 67 29 34 67 59 17 20 68 62 22 50 62 41 68 35 29 62 37 67 91 7 8 83 2 25 83 91 85 62 77 86 35 70 58 37 35 38 56 46 32 7 5 70 47
20 3
11 77 50 36 50 83 4 35 83 65 56 32 46 32 28 61 1 44 82 20
100 3
59 51 14 82 67 95 80 31 29 35 71 91 89 80 92 15 46 63 40 35 6 32 88 80 45 91 11 70 20 89 5 2 17 98 32 31 42 67 57 4 17 23 25 82 18 95 24 50 31 20 38 47 65 7 32 19 23 13 89 4 9 97 62 44 70 16 34 50 47 26 23 57 8 97 11 6 9 65 17 59 83 35 98 75 70 14 89 73 50 41 82 62 7 35 47 26 71 13 80 5
100 3
74 25 85 50 46 38 46 64 10 44 42 10 2 68 98 20 47 62 53 89 44 43 82 98 80 53 48 23 41 83 90 49 33 77 41 66 74 35 2 59 89 74 98 35 87 24 55 8 90 13 61 53 71 78 68 46 65 50 88 22 89 11 97 30 53 68 47 42 7 26 2 2 23 90 80 2 47 59 29 84 95 83 13 17 41 65 29 67 84 96 80 21 11 25 43 7 83 37 16 32
100 3
62 7 34 51 16 52 70 10 62 76 76 97 73 53 74 97 85 91 22 53 16 21 16 13 88 26 16 1 8 83 5 46 43 25 41 9 79 69 76 82 64 34 44 79 52 77 4 22 41 79 97 68 76 71 76 78 62 72 25 39 23 19 84 22 62 6 58 5 13 42 88 1 22 82 49 31 6 31 67 95 13 16 33 25 38 97 28 76 64 45 28 64 51 30 52 46 19 42 29 76
100 3
11 37 15 95 4 71 18 50 31 35 58 54 53 91 9 19 85 48 89 94 57 67 22 97 74 61 41 37 67 25 97 76 80 95 49 91 92 94 70 97 94 31 19 60 85 91 2 62 78 52 10 17 35 2 16 37 77 2 14 83 74 70 48 25 4 40 97 88 11 25 59 74 12 31 43 49 37 58 14 49 37 11 74 1 64 56 65 36 23 57 77 50 64 4 21 31 62 52 83 44
100 3
11 14 33 53 77 5 32 98 19 11 1 59 22 66 30 76 14 23 98 68 39 77 68 41 68 89 67 35 12 17 98 4 10 74 34 67 34 8 30 2 89 14 14 4 32 32 1 35 7 41 19 17 94 20 85 52 89 11 58 11 21 41 30 23 71 46 98 33 59 92 82 48 74 81 17 63 40 16 67 92 98 79 86 43 50 18 68 53 64 49 35 11 82 7 61 59 58 20 17 88
18 3
32 76 98 58 1 78 38 23 91 37 16 92 50 82 49 92 86 98
100 3
59 98 2 34 93 53 23 32 31 44 83 86 5 84 84 43 84 1 12 53 59 50 83 52 20 88 1 50 17 22 80 52 33 11 92 23 41 73 61 12 89 88 62 20 14 31 80 59 80 25 12 22 19 56 40 16 88 50 74 16 46 44 56 59 83 89 85 22 68 38 17 17 82 68 20 92 80 2 62 56 15 5 58 58 18 41 17 91 77 29 95 83 5 98 34 28 50 17 50 35
12 3
35 31 77 32 1 37 31 11 55 37 35 41
100 3
22 14 91 15 64 46 46 28 26 62 31 58 76 28 25 37 30 65 7 97 67 51 31 31 58 14 19 5 35 10 75 79 10 83 26 27 91 24 7 21 97 59 52 72 64 71 98 37 92 82 67 22 77 22 28 13 69 42 85 43 1 97 59 13 28 34 95 34 52 67 47 50 29 26 31 50 47 79 18 77 41 7 91 64 37 67 43 49 26 97 92 40 32 35 28 82 53 4 64 94
100 3
7 49 82 51 13 14 59 70 14 10 26 23 16 4 62 34 60 64 12 46 8 67 28 49 29 95 4 28 11 25 56 55 41 43 79 6 43 1 89 46 24 82 79 25 11 56 94 77 79 95 82 45 31 46 22 14 76 52 37 7 11 25 19 40 41 16 38 16 94 88 19 13 14 46 19 55 85 21 49 7 97 34 43 14 22 58 4 70 77 62 85 46 90 17 82 78 4 40 79 28
2 3
28 25
100 3
32 76 64 90 5 29 55 98 46 20 16 71 1 79 32 64 17 22 73 80 89 83 85 68 64 55 37 52 55 46 22 67 89 59 82 82 37 95 97 25 32 73 25 66 61 41 73 82 80 10 22 38 79 56 88 40 49 79 7 78 34 52 32 32 64 72 88 52 35 98 43 77 13 91 52 49 37 14 13 4 16 92 71 82 6 88 89 10 83 56 54 24 76 80 13 30 76 16 30 76
100 3
2 44 55 47 80 83 24 32 79 20 64 58 27 23 47 5 5 83 46 58 32 18 82 12 89 68 94 28 95 52 94 2 65 66 83 79 74 2 88 54 11 8 11 84 5 35 66 41 15 5 56 86 58 54 50 8 55 50 93 25 7 8 2 32 26 95 61 29 83 22 33 98 65 26 44 87 10 20 88 14 41 50 49 69 29 20 3 9 54 44 92 77 44 2 56 77 72 38 51 20
100 3
16 28 94 85 43 97 58 30 91 30 96 7 67 28 91 73 95 97 19 84 13 34 13 40 64 88 97 31 49 74 47 13 50 67 64 7 52 60 41 55 4 61 82 19 62 58 22 49 64 97 37 50 82 13 96 67 16 2 91 86 98 31 1 47 97 88 64 59 77 58 38 27 90 50 62 34 92 15 95 4 70 20 94 88 73 31 37 64 82 70 83 28 22 38 59 65 10 70 97 91
100 3
1 20 58 87 73 20 32 52 28 49 16 88 57 67 72 11 64 43 11 46 52 77 41 7 46 33 28 22 80 61 76 67 35 49 7 34 77 8 35 55 64 47 50 10 63 26 76 58 67 57 30 46 83 98 28 59 49 65 16 28 35 82 63 1 70 25 92 23 4 91 85 98 89 1 37 40 73 63 83 98 43 58 70 97 43 77 56 79 11 5 97 97 97 11 51 28 32 73 64 13
100 3
24 91 21 34 70 6 94 58 37 13 97 70 54 88 97 62 76 61 2 19 61 85 31 15 19 5 91 49 83 98 36 79 8 97 23 70 46 40 25 88 91 50 88 88 56 73 43 4 22 13 74 20 25 2 46 98 2 27 32 24 82 25 12 35 73 10 5 5 85 67 42 76 13 51 67 26 52 6 48 64 32 93 88 94 37 92 67 25 88 85 87 91 49 79 4 11 70 84 92 40
100 3
8 83 53 62 15 95 53 74 62 28 98 32 92 62 74 50 80 9 23 59 61 98 38 38 97 74 15 62 90 52 77 5 74 83 78 89 14 98 83 98 34 4 50 61 19 31 51 43 91 61 35 67 26 8 41 75 75 74 38 77 84 41 31 98 16 29 49 29 6 55 17 59 79 44 65 69 86 68 14 47 56 92 70 73 11 71 67 55 56 41 54 35 74 2 94 74 72 74 67 23
100 3
43 28 34 17 97 25 16 25 95 46 46 35 57 25 59 54 38 70 1 82 31 52 1 35 49 40 27 76 28 80 82 61 16 47 88 26 49 7 32 86 67 77 7 77 7 77 13 17 59 38 19 41 80 76 20 88 49 64 10 29 34 40 88 32 97 19 10 63 37 76 29 78 55 73 75 65 91 50 92 13 40 4 25 97 1 77 1 35 80 28 31 91 59 64 31 8 7 1 94 62
100 3
14 94 22 86 23 6 67 5 59 61 14 62 77 74 76 59 86 74 84 32 23 73 89 44 53 98 22 88 73 7 91 20 77 83 98 95 1 50 98 14 61 37 88 43 83 83 9 1 11 29 53 53 36 86 20 29 67 92 44 71 43 74 92 6 11 64 71 35 87 93 46 74 83 49 95 37 35 29 32 41 95 83 8 65 4 66 71 68 91 56 89 68 55 73 6 11 47 31 23 50
100 3
46 55 59 67 41 14 2 75 89 55 67 83 68 29 25 58 80 43 68 81 35 89 59 97 69 20 83 26 77 52 11 47 95 29 12 1 59 71 20 28 40 44 13 53 94 56 46 44 71 77 47 32 5 26 55 19 2 86 5 26 42 29 28 44 59 67 51 59 47 56 7 30 35 76 17 69 47 2 28 14 62 37 86 83 44 27 98 52 59 35 50 38 28 64 89 15 39 2 98 31
100 3
10 23 91 91 58 12 85 19 13 49 53 53 4 73 37 12 49 49 28 76 28 52 82 70 46 19 8 53 64 38 58 25 55 73 22 55 38 44 50 82 32 79 10 98 59 64 67 97 8 49 16 33 70 98 79 98 80 88 59 49 37 17 25 87 43 88 41 70 85 85 88 76 76 37 53 25 13 94 94 55 46 41 58 30 36 94 76 28 17 31 58 22 16 40 37 61 94 88 25 37
100 3
80 33 2 98 49 9 62 66 26 50 35 81 59 17 77 8 1 22 39 48 4 78 91 92 11 32 35 35 86 25 50 44 46 68 33 26 50 51 79 33 95 98 92 95 98 8 5 92 52 35 80 80 92 10 34 64 16 11 28 29 71 53 65 53 83 39 76 95 5 44 95 17 71 27 41 94 89 25 19 71 2 46 22 37 79 8 5 65 64 94 38 8 68 11 27 71 31 50 43 37
100 3
38 58 44 91 31 82 58 50 85 46 92 22 73 53 79 73 33 73 22 17 20 54 64 44 28 1 4 98 19 39 28 94 19 14 7 88 51 18 88 4 53 17 40 9 84 40 86 10 26 36 67 52 46 76 55 62 31 81 28 86 14 64 20 76 54 49 67 52 52 28 19 19 86 79 96 93 31 55 61 67 67 34 74 21 64 46 31 37 91 16 15 79 58 85 34 40 55 61 28 64
100 3
25 7 8 26 2 56 81 63 56 16 53 73 79 88 35 55 31 56 49 29 62 17 61 4 58 89 59 67 53 23 97 53 49 41 62 74 76 56 51 97 56 28 65 73 31 8 55 41 83 62 86 62 10 98 53 50 19 95 70 33 61 98 20 7 47 28 38 44 93 21 47 59 14 14 44 23 6 2 5 32 35 14 72 93 74 44 10 16 8 26 80 25 8 95 10 53 2 33 34 41
100 3
11 59 53 73 71 11 30 19 26 71 65 71 50 46 89 14 89 14 47 47 51 14 20 72 13 88 50 2 77 2 95 65 46 16 65 59 56 64 86 11 80 80 65 61 18 98 57 59 59 81 85 73 86 29 89 82 5 73 85 71 98 79 83 65 2 5 18 83 27 52 85 92 41 58 70 23 35 2 31 14 73 46 56 54 34 17 13 76 62 3 26 28 83 68 47 29 71 8 61 23
100 3
98 59 23 39 85 46 82 11 41 35 35 29 71 91 32 22 37 74 59 69 68 34 54 2 52 5 29 13 35 7 67 44 89 87 61 32 53 82 71 67 46 68 36 7 54 42 11 45 86 80 64 13 32 98 71 55 62 83 26 86 71 50 76 59 66 23 89 20 11 68 53 16 61 64 55 94 41 60 86 82 92 2 68 29 44 55 86 19 78 40 17 46 83 50 76 27 94 13 92 89
13 3
70 94 53 44 56 13 44 48 25 88 26 5 91
100 3
60 31 59 13 96 1 38 34 33 86 62 82 13 66 29 89 13 4 53 13 79 55 68 49 28 49 77 64 59 40 46 73 85 59 29 4 21 38 16 70 38 10 4 31 67 81 13 76 82 43 17 17 11 65 18 89 4 79 25 52 77 42 40 62 25 73 33 80 96 43 64 78 70 47 76 76 66 34 34 5 38 17 85 77 37 79 47 19 62 13 47 2 13 89 40 13 92 31 45 30
100 3
83 19 19 85 13 76 11 4 64 34 70 81 16 13 16 14 13 10 4 19 97 22 73 7 52 73 14 53 64 22 40 31 28 1 87 12 70 44 31 54 83 55 40 4 64 41 43 95 13 91 98 57 37 25 20 67 10 52 42 13 44 67 81 14 10 43 1 64 11 20 41 95 79 61 70 29 19 87 91 37 55 34 10 20 25 85 1 92 54 61 13 25 49 84 74 90 16 85 72 49
1 2
56
19 2
76 61 80 34 90 52 60 59 10 93 93 54 59 65 26 28 67 71 4
100 3
29 16 32 39 62 17 86 9 22 20 24 54 80 22 4 59 28 48 71 86 90 64 89 64 17 47 93 17 92 83 80 53 17 52 44 10 74 11 83 43 5 59 68 44 23 29 44 45 32 17 38 98 12 98 79 95 8 43 20 37 59 29 54 47 56 29 53 49 71 6 65 25 50 67 24 26 8 43 50 17 76 89 35 23 77 30 31 41 83 41 53 1 35 59 71 34 71 20 32 7
20 3
79 64 27 77 26 62 72 87 26 32 17 26 10 55 78 97 18 52 74 19
100 3
23 91 95 40 35 71 43 56 5 59 71 89 83 47 16 86 74 65 35 14 85 39 4 4 68 77 95 72 86 10 71 86 15 23 65 38 16 9 44 79 4 80 10 61 2 32 53 28 44 55 77 68 97 77 11 85 50 52 83 11 83 65 83 37 86 28 14 71 13 95 53 10 44 4 5 95 82 65 29 41 35 98 89 65 80 26 49 83 8 94 77 12 95 98 12 4 74 7 13 61
100 3
8 44 82 80 52 37 75 10 56 37 91 41 37 70 40 18 95 39 71 38 46 17 17 70 68 2 70 22 1 97 32 16 10 73 44 50 48 10 82 36 37 58 73 58 55 4 82 42 13 46 11 16 31 67 43 53 26 39 40 76 49 55 50 33 49 14 85 8 8 16 37 44 90 40 66 6 22 49 72 66 77 1 10 55 53 6 70 43 85 61 58 21 40 37 20 43 76 27 5 88
100 3
5 14 71 57 47 48 61 42 53 89 2 15 56 5 59 48 65 74 26 47 92 32 74 77 45 96 23 83 5 15 86 77 81 2 74 19 80 70 80 79 93 58 80 91 71 16 79 5 56 95 80 65 14 62 11 2 46 70 65 42 5 95 5 8 41 20 74 83 84 34 8 44 38 12 89 92 98 29 98 61 29 62 65 78 79 23 35 38 86 91 47 40 77 26 14 65 67 76 26 16
100 3
91 92 44 98 66 62 82 20 58 11 20 97 77 9 76 11 2 14 29 59 62 86 74 52 25 37 86 68 67 45 88 35 11 21 35 80 8 85 74 37 86 94 71 58 22 77 41 29 36 34 85 8 80 68 86 53 18 72 12 62 76 8 17 55 29 95 29 76 95 67 80 20 86 77 93 5 74 20 59 42 28 4 97 71 38 58 92 77 65 60 55 47 96 10 49 91 14 29 83 26
20 3
32 17 77 4 10 64 58 61 97 85 29 82 76 52 49 88 64 85 35 31
100 3
71 52 52 77 77 6 17 14 41 28 74 25 64 88 27 65 32 24 23 28 13 17 13 97 77 58 32 24 1 43 22 49 58 67 37 6 49 92 56 35 31 15 92 82 16 54 22 55 76 17 43 16 88 96 97 46 72 22 2 37 28 22 33 55 56 58 39 21 58 11 1 67 40 4 44 52 70 2 37 4 13 1 53 91 87 43 58 13 62 77 73 98 43 97 71 34 66 58 88 95
100 3
44 14 95 17 58 20 26 35 92 7 23 9 2 83 85 40 60 2 81 14 77 2 85 26 89 18 41 50 40 87 2 83 80 53 56 5 59 47 58 59 31 12 5 8 29 64 10 82 37 47 9 98 38 53 8 89 31 19 56 2 44 32 40 96 95 98 65 80 7 59 80 14 77 65 16 2 26 80 23 70 86 41 28 25 17 38 13 11 2 91 83 40 56 52 26 24 80 6 44 28
100 3
14 65 59 64 59 68 24 57 65 62 62 20 10 86 8 59 94 68 53 54 23 19 5 97 32 43 16 95 29 11 88 40 44 2 13 68 21 31 14 1 14 92 88 38 69 40 50 71 83 22 39 17 92 67 96 10 30 38 45 68 35 35 92 17 56 53 44 32 65 63 82 8 14 82 29 92 55 9 11 91 66 58 77 86 32 68 74 19 98 92 1 68 16 31 98 20 71 89 11 11
100 3
11 38 17 42 37 60 91 11 56 38 8 47 46 23 98 28 56 3 98 22 59 26 80 34 83 2 20 95 27 19 61 62 2 86 62 62 38 23 41 42 72 84 47 22 62 22 52 55 97 41 4 20 26 34 57 74 86 41 53 80 8 37 13 83 14 80 55 35 95 35 20 76 53 17 17 63 71 14 22 44 92 71 69 79 41 71 67 44 13 70 56 90 64 17 67 61 50 23 2 11
20 2
70 38 6 78 37 94 17 79 77 8 67 60 31 41 96 10 24 9 36 19
100 3
43 49 41 46 74 64 98 97 67 34 70 92 58 95 85 18 16 29 13 14 8 35 31 41 79 86 67 79 48 46 48 19 93 90 98 96 43 65 91 82 49 26 82 93 41 10 29 22 8 28 58 75 46 23 98 10 77 64 97 13 48 32 43 17 96 7 71 68 16 97 11 31 61 26 55 34 67 46 85 35 26 67 97 26 70 37 88 71 9 85 13 43 38 7 47 14 18 51 40 80
1 3
72
100 3
34 9 89 91 95 32 26 17 35 56 97 97 13 70 29 91 96 52 65 13 12 85 82 13 68 93 22 25 25 58 85 47 88 25 7 64 46 52 70 7 23 22 73 10 76 91 76 85 88 50 91 8 97 13 28 61 22 41 94 13 26 10 1 11 47 16 14 49 5 4 27 53 52 34 25 88 88 68 41 85 31 61 22 43 17 63 4 20 88 50 76 46 49 34 50 46 22 84 31 59
100 3
37 44 67 71 53 26 28 76 16 74 37 86 62 13 26 41 77 68 25 35 42 89 53 12 56 96 97 1 95 29 76 97 97 95 7 53 9 26 89 3 59 27 69 53 11 19 62 95 2 89 62 57 71 52 13 79 74 44 5 22 37 25 11 64 53 62 90 96 55 91 62 23 11 62 74 41 8 15 40 29 70 9 59 40 38 68 89 47 72 94 14 98 48 90 74 65 80 95 94 11
100 3
57 95 7 28 5 25 97 59 22 61 97 71 31 40 64 92 64 46 70 40 16 31 76 19 82 83 6 49 58 89 31 71 73 27 88 26 6 85 49 32 2 55 64 28 20 20 55 45 61 97 97 46 83 62 28 22 82 61 33 64 66 83 34 82 31 56 67 34 23 5 73 58 28 38 10 31 20 2 71 5 85 4 8 81 85 79 38 1 85 58 73 76 34 54 19 37 28 48 10 1
100 3
13 87 42 60 40 88 37 52 51 52 95 91 74 31 43 30 6 94 49 87 79 67 31 16 31 28 32 39 22 11 89 82 7 10 52 94 73 25 70 43 97 40 91 17 61 61 72 73 1 25 33 13 68 49 77 78 49 91 88 22 13 79 49 97 10 78 51 53 22 79 52 46 71 85 4 94 85 73 67 79 70 43 65 30 43 37 76 56 56 83 4 95 53 1 45 88 60 97 28 52
100 3
2 50 25 87 37 44 97 87 28 37 59 89 56 66 58 45 45 33 46 35 78 67 39 54 17 74 64 15 69 70 68 81 95 62 96 83 57 79 36 17 7 91 57 70 21 35 74 3 94 41 43 69 76 44 28 74 84 78 85 54 68 75 37 82 97 24 38 54 92 35 59 39 34 71 97 88 59 44 14 66 39 15 90 72 72 94 52 23 96 17 95 4 16 53 49 52 95 22 46 5
3 3
17 32 83
100 3
67 14 93 25 30 62 88 23 24 78 54 41 8 89 23 41 89 50 41 38 63 21 43 17 67 88 32 56 65 29 35 88 20 62 55 74 23 80 87 55 89 5 83 71 20 93 39 24 47 62 24 92 47 7 52 43 50 32 53 44 93 74 17 77 56 64 70 68 26 61 47 22 85 17 62 16 62 26 56 31 8 14 23 71 95 33 46 52 67 56 26 42 62 44 74 23 13 17 79 19
2 3
2 26
100 3
58 69 26 89 20 67 93 50 28 22 57 34 82 20 91 24 53 67 52 40 1 4 20 94 91 67 73 22 76 64 22 26 37 82 7 78 58 98 4 35 29 52 92 42 44 88 64 7 38 22 60 39 52 91 1 13 81 28 86 94 80 62 58 19 55 72 52 31 13 61 58 85 85 74 80 8 61 28 97 76 64 23 56 79 87 22 73 80 40 98 19 64 68 58 89 52 78 82 40 46
100 3
4 49 22 70 16 11 85 98 55 59 12 88 80 87 57 83 37 75 94 22 47 85 47 40 27 77 79 85 82 60 43 34 4 83 92 56 67 19 19 61 20 4 49 46 16 12 67 31 74 43 95 82 57 1 49 74 55 62 26 54 85 58 11 40 43 88 28 11 20 47 17 17 7 70 34 19 49 65 79 13 82 33 61 40 87 11 16 49 34 52 7 30 35 72 92 24 67 26 18 28
100 3
79 80 29 87 7 8 32 91 52 61 58 64 83 97 34 16 94 67 22 53 71 17 22 73 6 9 28 44 33 33 29 79 31 4 79 64 85 70 9 40 91 52 4 88 16 45 55 76 23 38 56 45 34 71 40 61 85 91 25 7 73 1 22 64 86 7 58 97 62 43 85 21 31 71 19 43 52 22 67 62 64 38 94 79 82 76 16 16 79 10 61 29 40 55 17 94 13 79 56 45
24 3
88 25 98 29 98 25 62 44 52 32 17 3 29 97 56 23 12 2 3 79 68 29 83 37
100 3
25 66 76 3 46 58 19 52 79 55 34 55 49 46 49 82 41 3 15 73 4 68 67 46 95 44 98 49 79 89 94 16 50 4 83 64 16 85 38 79 20 70 41 57 7 52 4 28 59 52 73 62 43 67 13 76 10 5 47 55 20 26 49 59 67 61 37 61 94 94 31 6 71 7 76 14 55 49 49 89 27 52 2 94 53 68 37 40 13 16 49 64 73 61 76 42 46 46 38 46
100 3
62 4 64 64 95 61 46 41 73 58 41 73 23 10 35 91 76 76 88 43 80 58 68 31 16 69 55 76 77 49 28 2 61 53 4 64 73 76 37 95 10 58 31 85 73 93 46 49 45 64 45 64 12 11 56 31 34 46 11 22 24 55 58 88 9 65 55 2 14 19 13 4 26 82 34 65 14 37 91 95 43 10 22 49 82 19 70 85 61 42 20 65 84 86 8 32 91 22 22 42
100 3
82 31 16 44 22 44 71 2 92 83 93 20 23 8 40 91 68 8 58 98 8 50 53 37 88 74 64 53 91 17 29 40 42 76 1 88 83 71 94 46 28 26 20 22 79 56 90 81 42 64 89 26 19 46 59 35 83 39 95 47 82 23 45 7 90 26 47 1 5 59 31 5 65 56 47 41 79 83 23 28 14 50 26 7 75 28 94 89 74 57 79 16 23 45 37 14 19 77 68 88
100 3
52 49 56 67 52 10 22 43 62 31 24 64 36 31 52 10 88 19 73 4 31 47 53 25 61 37 80 53 89 85 37 43 30 44 90 97 22 2 59 10 76 10 63 65 18 37 2 18 82 41 64 25 70 79 61 67 86 59 71 25 85 83 31 70 55 43 70 89 59 35 88 28 8 43 71 22 16 71 88 35 32 22 97 70 77 21 83 22 1 88 41 55 32 22 70 38 37 34 97 40
100 3
55 64 94 34 17 67 80 34 76 74 10 8 55 51 32 31 97 92 28 62 37 69 30 52 56 72 64 77 9 82 61 48 34 23 21 88 22 43 18 64 73 34 16 11 1 34 94 71 74 60 58 19 50 50 82 34 67 32 16 19 34 8 55 1 44 88 94 35 70 65 10 23 20 62 82 29 10 22 13 37 40 22 70 97 16 40 98 17 85 29 67 83 5 95 65 97 72 95 12 56
100 3
28 67 95 93 3 19 61 3 53 13 79 90 76 97 37 35 40 86 35 76 91 97 7 58 23 22 86 19 66 49 10 34 41 94 92 16 52 23 78 10 32 74 34 43 12 63 6 98 22 54 49 67 88 13 58 60 86 10 63 80 58 60 43 14 35 45 16 82 89 25 48 46 38 74 73 47 13 34 9 46 52 76 31 85 11 1 15 94 69 10 31 53 58 46 4 41 49 4 64 66
2 2
51 95
100 3
26 98 62 41 41 35 95 77 13 9 32 62 22 22 74 61 55 85 11 35 77 38 44 62 20 44 73 9 98 26 22 92 74 43 14 47 8 23 32 47 14 15 94 66 23 71 96 59 23 44 38 26 44 44 17 23 71 71 95 15 79 71 59 14 74 2 97 56 89 94 14 92 4 30 92 66 32 4 92 48 13 5 16 55 80 89 5 2 7 16 64 80 34 44 36 32 2 33 16 28
100 3
62 47 22 98 91 37 1 75 16 65 88 6 68 13 34 79 61 85 58 13 55 26 43 95 13 89 83 93 17 37 70 52 2 7 97 4 44 7 84 25 70 13 96 70 76 88 40 39 58 46 76 88 92 4 76 44 95 66 7 82 71 85 1 11 3 34 22 53 7 81 46 92 73 1 73 29 25 5 55 29 58 46 16 75 72 12 29 42 46 22 70 79 36 37 31 18 83 59 94 76
100 3
61 5 7 89 83 14 55 45 83 1 37 32 19 72 91 52 19 93 73 42 55 97 91 86 65 32 7 29 8 14 1 38 75 42 2 28 5 85 49 64 50 44 18 94 4 8 56 87 13 72 49 17 1 18 91 16 74 64 4 1 64 38 55 70 97 97 61 25 2 66 1 53 92 62 62 76 28 58 53 25 69 1 4 4 23 7 31 44 94 40 2 73 52 22 24 74 1 22 67 1
100 3
35 29 92 27 53 92 98 44 20 60 80 8 40 59 83 74 26 26 47 8 65 49 67 92 8 13 88 95 83 41 88 60 89 14 31 94 58 56 38 58 83 92 50 55 85 26 37 62 58 86 28 98 65 61 7 5 6 14 2 4 25 77 70 5 36 82 38 90 23 56 21 90 44 97 43 92 14 74 95 44 32 5 7 73 37 85 38 95 71 77 11 52 41 47 93 10 82 98 22 58
100 3
21 32 22 41 20 10 20 89 38 52 61 26 17 29 97 98 59 65 20 96 89 50 40 32 22 37 49 91 88 23 82 14 26 95 20 16 63 69 36 32 26 85 28 58 95 62 62 45 20 75 6 70 1 94 5 66 83 76 18 95 89 11 87 49 71 53 87 19 68 37 55 23 10 84 67 25 23 41 50 88 37 71 25 2 74 14 68 76 40 53 98 98 3 61 32 16 52 39 65 41
100 3
53 7 11 95 85 77 17 11 43 17 14 77 77 95 95 56 50 80 46 46 94 7 4 16 29 4 7 29 1 82 56 55 28 38 17 76 79 32 38 91 55 19 13 94 26 74 97 32 40 62 14 64 59 46 1 17 62 25 58 80 31 23 73 37 71 34 74 19 17 37 20 61 68 97 56 58 10 76 23 43 37 11 89 67 61 52 14 41 35 43 82 94 94 65 59 47 14 2 49 92
100 3
5 80 56 20 15 35 38 94 7 14 25 92 1 47 86 92 77 74 44 83 58 17 65 82 82 82 8 70 50 52 31 44 13 11 71 61 77 80 14 86 89 95 9 80 11 98 76 64 95 89 83 16 20 37 62 2 46 4 14 5 35 98 76 56 62 94 97 82 20 81 65 47 8 79 54 11 37 36 8 39 10 7 44 50 94 68 88 23 32 91 44 31 8 2 77 29 23 17 51 52
100 3
83 59 83 19 56 77 62 92 85 92 86 54 80 74 8 38 65 65 98 92 65 74 82 34 17 23 65 79 47 64 5 86 44 27 79 92 44 44 23 77 47 20 96 7 73 74 52 68 44 53 59 14 91 29 56 87 32 25 21 94 41 98 29 29 68 36 89 73 41 47 92 30 29 46 80 91 41 55 92 66 53 83 59 11 26 65 23 88 62 71 85 56 87 19 14 44 5 80 49 8
100 2
72 25 33 21 95 91 79 43 82 81 5 71 35 94 35 62 98 3 73 64 24 30 14 27 14 90 85 86 51 40 55 82 45 77 26 44 17 9 86 79 67 9 82 11 51 80 58 56 90 97 74 30 4 4 68 39 33 93 54 30 48 4 15 31 61 7 29 95 47 5 26 17 77 24 78 67 91 66 37 22 10 10 29 36 44 83 51 58 22 82 48 56 7 26 15 58 48 32 43 94
100 3
97 23 65 80 52 64 84 84 74 97 14 92 86 80 46 87 85 90 8 68 71 33 83 57 77 43 11 79 34 52 56 14 39 37 92 79 17 53 17 11 83 17 82 95 44 13 79 77 21 58 69 47 70 42 5 77 88 17 95 26 37 56 56 83 68 94 10 92 26 11 68 41 51 49 74 95 23 38 44 88 62 74 44 20 83 29 20 43 67 62 21 64 17 41 88 25 97 14 32 10
